102, 345
111, 345
127, 345
152, 345
198, 345
252, 345
319, 345
404, 351
486, 360
572, 360
659, 360
731, 360
799, 360
864, 360
923, 360
975, 360
1032, 360
1080, 360
1116, 360
1160, 357
1186, 353
1210, 348
1229, 343
1242, 336
1253, 331
1264, 326
1278, 314
1304, 298
1327, 289
1354, 281
1374, 275
1392, 273
1404, 270
1412, 269
1415, 269
1419, 268
1419, 268
1420, 268
1422, 268
1426, 268
1430, 268
1434, 268
1440, 268
1445, 268
1452, 268
1460, 270
1470, 272
1479, 273
1491, 275
1502, 276
1511, 277
1520, 278
1525, 278
1531, 280
1534, 280
1535, 280
1537, 280
1539, 280
1542, 279
1544, 278
1547, 276
1551, 275
1555, 275
1559, 274
1560, 273
1562, 272
1565, 272
1566, 272|True
1567, 272
1567, 273
1565, 278
1564, 281
1561, 287
1559, 289
1556, 292
1552, 298
1550, 301
1545, 305
1539, 309
1532, 314
1521, 320
1512, 325
1498, 331
1487, 335
1475, 341
1463, 346
1449, 353
1431, 363
1415, 373
1399, 382
1378, 392
1362, 402
1346, 411
1328, 421
1310, 430
1289, 443
1276, 450
1261, 462
1246, 475
1236, 484
1220, 497
1208, 507
1199, 513
1190, 520
1181, 525
1173, 531
1167, 535
1158, 539
1152, 542
1146, 545
1138, 549
1127, 553
1116, 556
1105, 559
1093, 560
1082, 561
1073, 562
1063, 565
1056, 567
1052, 569
1047, 570
1042, 572
1036, 574
1034, 574
1029, 575
1026, 576
1021, 578
1018, 578
1014, 578
1012, 578
1009, 578
1005, 578
1002, 578
998, 578
996, 578
993, 578
991, 578
988, 578
987, 578
985, 578
982, 578
978, 578
975, 578
971, 578
969, 578
968, 578|True
968, 578
965, 575
963, 569
963, 565
960, 556
958, 549
954, 539
949, 530
942, 518
935, 507
926, 496
918, 486
908, 474
895, 463
881, 453
862, 439
838, 423
811, 406
790, 396
763, 379
731, 361
705, 346
681, 336
656, 324
641, 318
623, 310
606, 303
594, 298
584, 296
574, 291
565, 287
556, 283
545, 277
538, 274
531, 271
524, 268
519, 265
513, 262
511, 261
509, 261
508, 261
507, 261
505, 260
504, 260
501, 259
499, 258
497, 257
493, 255
490, 254
486, 252
482, 249
477, 248
472, 245
468, 243
462, 241
459, 239
454, 239
452, 236
450, 236
447, 235
446, 235
443, 235
442, 233
439, 232
435, 232
429, 231
423, 228
415, 226
408, 223
398, 219
392, 217
385, 215
379, 212
375, 211
370, 208
367, 207
365, 206
360, 204
356, 202
350, 199
344, 197
337, 193
329, 190
322, 188
313, 184
303, 179
298, 177
290, 174
285, 172
275, 170
266, 168
256, 167
245, 166
235, 164
223, 163
212, 159
206, 157
199, 155
194, 153
192, 152
191, 151
190, 151
190, 153
193, 156
196, 159
199, 162
203, 165
205, 166
206, 168
211, 169
212, 170
213, 170|True
214, 171
216, 173
219, 175
223, 178
227, 181
230, 185
236, 191
240, 194
245, 198
248, 201
253, 203
255, 204
258, 206
263, 209
264, 210
266, 210
269, 210
273, 211
276, 211
278, 211
281, 213
284, 213
288, 213
291, 213
292, 213
294, 213
297, 213
300, 212
302, 211
305, 211
311, 210
315, 209
320, 209
326, 209
331, 209
338, 209
346, 211
353, 212
362, 215
370, 217
380, 220
389, 221
398, 222
411, 225
423, 226
435, 228
447, 228
457, 228
468, 228
480, 228
489, 228
500, 228
510, 228
521, 228
530, 228
541, 228
550, 228
558, 228
569, 228
578, 228
585, 228
593, 228
600, 228
607, 228
613, 228
623, 228
627, 228
631, 226
635, 226
638, 226
641, 225
643, 225
646, 225
647, 225
650, 225
652, 225
654, 225
657, 225
660, 225
662, 224
665, 222
665, 222
668, 221
670, 220
675, 218
678, 214
682, 211
687, 208
693, 202
698, 199
701, 195
705, 191
708, 188
710, 186
713, 181
714, 179
715, 176
718, 171
719, 164
722, 158
723, 154
724, 151
726, 149
727, 147
728, 146
729, 143
730, 142
731, 140
732, 138
733, 137
733, 136
733, 135
734, 133
734, 133
735, 132
735, 131
735, 130
737, 128
738, 127
740, 125
740, 123
741, 123
741, 122
741, 121
741, 120
741, 120
741, 118
739, 117
738, 116
736, 116
734, 115
733, 113
731, 113
730, 113
730, 112
729, 112
728, 112
727, 112
726, 112
725, 112
723, 113
721, 113
721, 113
719, 114|True
719, 114
716, 117
712, 120
711, 122
709, 124
706, 125
703, 128
701, 129
696, 131
692, 133
686, 135
678, 138
671, 140
661, 143
653, 144
645, 145
636, 147
627, 148
622, 149
615, 150
606, 153
599, 155
595, 157
588, 159
582, 160
577, 162
571, 164
566, 167
559, 170
553, 173
549, 175
543, 177
537, 181
532, 184
525, 187
520, 191
515, 193
511, 197
505, 199
503, 200
498, 202
494, 205
489, 208
484, 210
481, 211
477, 215
472, 217
467, 219
464, 220
462, 223
457, 224
453, 227
450, 229
446, 230
443, 233
438, 236
435, 237
429, 241
426, 242
421, 246
416, 248
412, 251
407, 252
401, 255
397, 257
389, 261
382, 266
375, 269
370, 272
363, 277
356, 281
348, 285
343, 288
335, 293
330, 297
323, 301
317, 305
314, 308
310, 311
306, 316
306, 317
305, 320
305, 321
305, 322
305, 325
305, 326
305, 329
305, 330
306, 333
307, 334
308, 336
308, 336
308, 339
310, 343
311, 347
313, 354
315, 362
317, 370
320, 381
323, 396
327, 417
327, 442
328, 472
330, 503
335, 529
339, 558
345, 580
353, 602
356, 614
359, 626
363, 640
368, 647
375, 658
385, 670
395, 682
410, 697
435, 714
459, 730
488, 747
520, 763
547, 771
577, 777
603, 782
632, 787
656, 787
686, 787
713, 787
738, 787
769, 785
794, 775
820, 762
850, 745
879, 726
910, 700
939, 674
968, 645
989, 621
1014, 593
1035, 565
1053, 538
1064, 522
1077, 505
1085, 490
1090, 481
1095, 471
1100, 461
1103, 454
1106, 446
1109, 436
1111, 429
1111, 418
1111, 407
1111, 390
1111, 378
1113, 365
1115, 356
1116, 346
1119, 337
1120, 326
1121, 316
1121, 307
1121, 296
1121, 284
1119, 274
1112, 261
1103, 247
1092, 235
1074, 217
1051, 199
1034, 183
1009, 165
987, 149
970, 136
954, 129
942, 123
931, 117
920, 114
908, 111
893, 108
880, 107
865, 106
852, 106
834, 106
819, 106
801, 105
785, 101
765, 100
741, 96
713, 92
691, 92
661, 92
634, 92
606, 92
582, 92
557, 92
535, 92
519, 92
502, 92
486, 92
473, 92
457, 89
444, 88
430, 83
418, 80
406, 76
393, 72
384, 70
373, 67
364, 65
356, 61
352, 60
349, 60
347, 59
345, 59
345, 59
343, 58
341, 57
338, 56
335, 54
330, 51
325, 48
321, 47
316, 44
314, 44
311, 43
307, 41
305, 40
303, 39
302, 39
300, 38
299, 38
299, 37
298, 37
297, 36
297, 35
296, 34
295, 34
294, 33
293, 32
293, 31
293, 30
292, 28
291, 26
290, 26
290, 25
289, 25
288, 23
287, 23
287, 21
286, 21
286, 20
286, 20
285, 19|True
288, 25
295, 33
302, 42
310, 50
317, 56
328, 62
340, 67
352, 73
365, 76
378, 81
394, 82
408, 83
421, 84
434, 84
446, 84
457, 84
469, 80
480, 77
490, 74
500, 71
511, 69
521, 65
528, 63
536, 61
540, 59
544, 57
547, 55
548, 52
550, 49
552, 46
553, 43
555, 38
555, 37
556, 35
556, 33
556, 31
556, 29
556, 28
556, 25
556, 24
556, 22
556, 22
556, 21
556, 21
556, 20
556, 19
556, 19
556, 18
556, 18
557, 18
559, 18
560, 18
563, 18
566, 18
567, 18
570, 18
572, 18
574, 19
575, 19
577, 20
577, 20
578, 20
578, 20
579, 20
580, 20
581, 20
581, 19
583, 19
583, 19
584, 19
586, 19
586, 19
587, 19
587, 19
588, 20
588, 20|True
592, 23
601, 37
616, 63
634, 95
654, 130
671, 157
690, 189
714, 219
735, 249
758, 277
781, 308
808, 339
824, 361
848, 396
869, 433
889, 468
905, 492
924, 513
931, 520
935, 525
937, 527
937, 529
939, 530
940, 532
942, 536
944, 540
948, 547
949, 553
953, 562
956, 569
958, 572
958, 574
960, 576
961, 578
963, 579
965, 582
967, 583
969, 584
970, 586
972, 587
972, 587|True
972, 587
968, 587
961, 587
955, 587
949, 587
944, 587
941, 587
939, 587
937, 587
935, 587
934, 587
931, 587
930, 587
928, 587
925, 587
920, 586
916, 586
912, 586
909, 586
906, 585
903, 585
901, 585
899, 584
896, 584
895, 584
892, 584
888, 584
883, 584
875, 584
869, 584
861, 584
856, 584
849, 584
845, 584
841, 584
837, 584
833, 584
828, 584
824, 584
820, 584
816, 584
809, 584
801, 584
793, 582
788, 582
782, 582
775, 582
771, 582
767, 582
764, 582
759, 582
754, 582
747, 582
739, 582
732, 582
724, 582
718, 582
708, 582
699, 582
692, 581
683, 580
673, 577
663, 575
651, 570
639, 568
628, 562
615, 557
603, 551
593, 547
582, 542
568, 537
550, 528
531, 521
505, 508
476, 497
447, 479
415, 462
391, 445
371, 430
352, 419
342, 412
335, 405
329, 399
325, 396
324, 394
321, 392
319, 390
317, 388
313, 384
308, 379
305, 374
302, 371
297, 366
293, 361
288, 357
281, 354
273, 351
263, 349
252, 347
242, 347
233, 346
229, 346
229, 346
227, 345
227, 344
226, 344
225, 342
225, 339
225, 335
225, 329
225, 321
225, 314
225, 307
225, 302
225, 298
225, 294
225, 292
225, 290
225, 289
225, 286
225, 284
225, 280
225, 274
225, 270
225, 265
225, 258
225, 251
224, 247
223, 243
221, 237
221, 236
221, 234
221, 234
221, 233
220, 231
220, 229
219, 227
218, 224
217, 219
215, 214
212, 210
212, 207
210, 201
208, 198
207, 192
206, 188
205, 185
205, 184|True
204, 184
202, 184
196, 184
192, 186
190, 188
189, 188
188, 188
188, 189
187, 191
187, 191
191, 192
200, 192
208, 192
217, 192
225, 193
234, 195
238, 197
244, 200
248, 203
250, 205
251, 206
255, 208
256, 210
258, 212
260, 213
264, 217
266, 218
269, 221
271, 223
273, 226
274, 231
277, 234
279, 243
282, 247
286, 253
291, 259
294, 264
296, 267
299, 271
300, 274
301, 275
304, 280
305, 283
307, 289
310, 295
314, 302
317, 310
321, 317
325, 323
329, 328
332, 332
336, 336
342, 340
348, 344
358, 348
372, 354
385, 357
401, 361
419, 363
442, 366
464, 366
491, 366
511, 364
531, 359
548, 352
563, 345
578, 339
595, 332
608, 325
622, 315
633, 308
645, 300
653, 292
665, 284
672, 276
678, 270
688, 261
698, 253
705, 247
715, 239
721, 233
725, 228
726, 224
729, 220
730, 217
731, 212
734, 208
735, 203
735, 199
737, 195
738, 190
739, 186
740, 183
741, 179
741, 176
741, 173
740, 169
737, 167
731, 163
725, 159
722, 158
719, 157
716, 155
714, 153
712, 152
710, 149
710, 145
708, 140
707, 135
707, 133
707, 130
707, 128
707, 127
707, 125
707, 123
707, 120
708, 118
709, 117
711, 114
713, 113
713, 113
714, 112
714, 112
715, 112
715, 111
716, 111|True
717, 111
717, 113
716, 118
715, 121
715, 124
714, 126
713, 129
713, 129
712, 131
712, 132
711, 135
711, 135
711, 138
709, 139
709, 141
709, 143
709, 146
709, 149
708, 150
707, 153
707, 154
706, 155
706, 156
705, 157
705, 159
705, 160
705, 160
704, 162
703, 163
701, 167
700, 168
695, 172
691, 173
684, 176
675, 180
665, 181
655, 181
645, 181
633, 181
621, 181
605, 181
590, 181
575, 181
559, 181
545, 181
529, 181
514, 181
502, 178
490, 177
480, 175
471, 174
461, 173
455, 172
448, 171
443, 170
441, 169
438, 169
435, 169
433, 168
429, 165
423, 164
413, 161
408, 159
398, 155
388, 152
380, 148
371, 142
362, 137
358, 133
353, 128
350, 123
346, 116
342, 109
340, 101
335, 92
331, 84
327, 75
324, 69
322, 65
321, 62
320, 59
318, 55
317, 53
317, 51
316, 48
316, 45
314, 41
313, 38
312, 36
310, 33
309, 32
309, 32
309, 31
309, 31
307, 28
306, 26
305, 24
302, 21
301, 19
299, 16
298, 14
297, 14
297, 13|True
297, 13
299, 17
303, 21
306, 26
311, 34
316, 40
322, 47
326, 52
333, 58
339, 61
344, 64
353, 65
361, 66
373, 68
382, 69
393, 70
406, 70
420, 74
435, 76
448, 77
460, 79
474, 80
482, 82
491, 82
496, 82
501, 82
503, 82
505, 80
507, 79
511, 76
513, 74
517, 70
521, 67
524, 63
525, 61
528, 59
528, 58
529, 57
530, 56
531, 54
532, 52
533, 49
536, 44
540, 38
544, 33
548, 30
551, 27
555, 25
558, 23
559, 22
561, 21
561, 20
562, 20
562, 20
564, 20
566, 18
568, 18
569, 18
572, 17
573, 17
575, 17
576, 16
576, 16
577, 15
578, 15
579, 15
580, 14
580, 14
581, 14
581, 14
582, 14
583, 14
585, 14
585, 14
587, 13
588, 12
589, 12
590, 12
590, 12
591, 11
591, 11
592, 11
593, 11
594, 11|True
595, 12
597, 19
599, 27
603, 37
610, 48
615, 59
629, 76
644, 96
664, 119
686, 144
709, 175
730, 205
748, 230
769, 255
786, 277
800, 299
811, 315
820, 329
828, 340
834, 353
840, 364
849, 379
854, 391
860, 404
867, 415
874, 427
879, 437
883, 447
889, 454
893, 462
896, 468
900, 472
903, 477
906, 478
907, 479
910, 479
910, 479
912, 479
913, 479
914, 478
916, 477
916, 477
917, 477
923, 478
929, 484
934, 489
938, 494
940, 497
942, 502
944, 504
944, 505
944, 506
944, 509
944, 515
944, 524
944, 533
944, 540
944, 548
944, 552
944, 555
945, 557
945, 557
947, 561
948, 565
950, 570
950, 577
952, 582
953, 587
953, 590
954, 592
954, 594
954, 595|True
954, 595
954, 595
954, 594
954, 593
954, 592|True
953, 591
949, 590
944, 586
938, 585
929, 582
919, 577
905, 571
885, 562
865, 555
840, 546
817, 535
799, 527
782, 520
769, 514
758, 509
747, 504
739, 501
732, 498
725, 496
717, 492
708, 488
699, 483
691, 480
685, 476
674, 471
664, 464
654, 460
642, 454
629, 449
611, 441
596, 435
582, 428
568, 420
557, 413
547, 408
540, 403
535, 401
530, 398
527, 396
524, 394
520, 392
519, 391
517, 389
513, 388
510, 386
503, 382
496, 380
486, 375
476, 371
464, 365
453, 361
442, 357
432, 352
422, 347
414, 344
404, 340
393, 336
382, 331
375, 327
364, 322
356, 319
348, 314
340, 308
334, 303
330, 299
325, 295
320, 291
314, 288
307, 282
298, 278
287, 274
276, 268
268, 264
261, 260
254, 255
251, 252
246, 248
244, 245
242, 243
241, 241
241, 239
239, 237
239, 236
238, 234
238, 232
235, 230
235, 229
235, 228
234, 227
234, 227
234, 225
234, 224
234, 222
234, 221
234, 218
232, 216
232, 214
232, 213
231, 211
231, 208
231, 206
230, 202
230, 199
228, 195
226, 191
226, 190
226, 187
224, 186
224, 185
224, 184
223, 184
222, 183
221, 181
220, 180
220, 178|True
220, 178
220, 181
221, 188
223, 194
223, 198
226, 203
228, 208
232, 214
233, 216
236, 221
237, 223
240, 226
240, 228
241, 230
242, 231
242, 232
243, 232
244, 233
245, 234
246, 235
249, 235
251, 236
257, 236
261, 237
272, 238
284, 240
297, 240
315, 240
334, 240
353, 240
375, 240
397, 240
414, 240
430, 240
445, 240
457, 240
469, 240
481, 240
490, 240
499, 240
507, 240
513, 240
519, 238
524, 236
527, 236
533, 235
536, 234
541, 232
544, 231
545, 231
548, 230
553, 229
555, 228
559, 227
561, 226
565, 224
570, 223
572, 223
575, 222
578, 219
581, 219
584, 218
587, 215
593, 213
600, 210
608, 207
614, 204
620, 201
627, 199
633, 196
636, 195
638, 195
641, 194
643, 193
644, 192
647, 190
648, 190
649, 188
651, 188
653, 185
656, 184
658, 183
661, 181
664, 179
665, 178
667, 176
668, 175
669, 175
670, 174
671, 173
671, 172
674, 169
677, 167
678, 166
679, 164
681, 163
681, 162
682, 162
682, 161
683, 159
685, 158
687, 156
689, 155
692, 152
693, 152
696, 151
697, 150
698, 149
699, 148
700, 148
701, 147
702, 145
704, 145
704, 144
705, 143
706, 141
708, 140
708, 139
709, 139
709, 137
710, 137
711, 135
712, 134
713, 133
713, 131
715, 129
715, 128
715, 128
716, 127
716, 126
716, 126
717, 124
718, 123|True
718, 123
719, 126
720, 128
721, 131
723, 136
727, 142
731, 148
736, 156
741, 161
746, 166
752, 171
755, 173
758, 176
760, 178
764, 181
765, 184
768, 188
773, 193
776, 196
781, 203
785, 211
791, 218
796, 224
802, 232
807, 239
812, 246
817, 252
820, 257
824, 262
825, 264
826, 267
829, 271
830, 274
833, 280
833, 284
835, 290
838, 296
841, 304
844, 309
847, 316
850, 324
853, 330
854, 335
857, 340
859, 347
860, 352
862, 358
863, 363
865, 370
867, 376
868, 383
868, 388
869, 395
870, 401
870, 405
870, 409
871, 412
871, 414
871, 418
871, 423
871, 427
871, 431
871, 436
871, 441
870, 446
867, 451
866, 453
863, 459
863, 461
861, 465
857, 471
855, 476
853, 479
849, 484
845, 490
840, 496
835, 502
829, 508
825, 513
820, 518
816, 522
811, 525
807, 528
802, 532
795, 535
787, 539
781, 542
774, 545
768, 549
760, 552
753, 556
744, 559
736, 563
730, 564
724, 566
717, 568
709, 570
700, 571
693, 573
682, 574
673, 575
663, 576
655, 576
644, 576
635, 576
626, 576
619, 576
610, 576
599, 576
591, 574
583, 573
572, 572
562, 571
550, 569
539, 566
529, 565
518, 561
507, 558
497, 556
489, 552
480, 550
474, 549
468, 546
462, 545
456, 544
452, 542
445, 541
439, 538
434, 536
430, 532
424, 528
421, 526
418, 522
414, 519
410, 515
407, 511
405, 509
403, 504
401, 502
398, 497
396, 494
392, 490
390, 487
387, 481
382, 475
378, 470
373, 463
369, 457
365, 452
362, 447
358, 442
356, 439
354, 436
353, 435
352, 431
351, 431
351, 429
351, 428
350, 426
350, 425
348, 423
348, 421
348, 419
348, 418
348, 415
347, 412
347, 410
347, 407
346, 407
346, 404
346, 402
346, 400
345, 398
345, 396
344, 393
344, 391
344, 390
343, 388
343, 385
343, 382
341, 380
341, 380
341, 378
341, 376
341, 374
341, 373
341, 370
340, 368
340, 365
339, 360
339, 357
337, 353
337, 349
336, 345
336, 341
336, 338
336, 335
336, 332
335, 329
335, 328
333, 325
333, 323
333, 321
333, 318
333, 315
332, 313
332, 310
331, 307
331, 306
331, 304
331, 301
330, 299
329, 294
329, 291
329, 288
329, 285
328, 281
327, 279
327, 275
327, 272
327, 268
327, 265
327, 261
327, 257
327, 253
327, 249
327, 246
327, 242
325, 236
325, 233
324, 228
323, 223
321, 218
319, 213
318, 208
315, 199
314, 195
313, 189
310, 183
309, 178
306, 171
305, 165
303, 158
301, 152
299, 145
298, 140
295, 131
294, 126
293, 120
290, 113
288, 105
288, 100
286, 95
285, 88
285, 84
284, 79
283, 75
282, 70
281, 67
280, 63
280, 61
279, 58
279, 55
278, 51
278, 48
277, 45
277, 41
276, 39
276, 38
276, 36
275, 34
275, 32
275, 31
274, 30
274, 29
274, 28
274, 27
273, 25
273, 25
273, 23
273, 21
273, 20|True
273, 19
273, 19
273, 18
276, 18
282, 18
292, 18
302, 18
314, 18
330, 21
344, 22
362, 26
376, 27
390, 29
402, 31
414, 32
430, 34
447, 34
469, 35
489, 35
508, 35
522, 35
534, 35
543, 35
549, 35
552, 35
552, 35
553, 35
554, 35
556, 35
558, 35
559, 35
560, 34
562, 33
562, 33
563, 32
564, 31
564, 31
565, 30
565, 30
566, 29
566, 28
567, 26
568, 26
568, 25
569, 25
569, 24
571, 23
571, 22
572, 21
572, 21
574, 19
577, 19
577, 19
578, 18
581, 18
582, 18
584, 18
585, 18
587, 18
588, 18
588, 18
590, 18
590, 18
591, 18
591, 18
593, 18
593, 18
594, 18
594, 18
595, 17|True
598, 18
605, 29
615, 40
631, 58
646, 78
663, 91
675, 102
693, 118
707, 133
720, 148
736, 164
754, 182
778, 205
801, 227
827, 251
847, 270
873, 296
888, 313
903, 333
911, 344
921, 361
927, 372
934, 385
943, 401
955, 420
967, 441
977, 455
990, 472
996, 482
1002, 490
1003, 495
1004, 496
1004, 498
1004, 500
1004, 503
1004, 506
1004, 510
1004, 516
1004, 522
1004, 527
1004, 531
1004, 534
1004, 537
1004, 539
1004, 540
1004, 543
1004, 546
1003, 552
1003, 556
1002, 561
1002, 564
1002, 568
1002, 570
1001, 572
1000, 572
1000, 572
999, 572
997, 573
997, 573
995, 573
994, 573
994, 573
993, 574
991, 574
991, 575
990, 575
989, 576
988, 576
988, 577
987, 577
986, 577
986, 578|True
985, 578
981, 578
977, 578
971, 576
961, 572
954, 568
945, 565
934, 560
922, 554
912, 550
901, 544
890, 540
880, 536
871, 532
862, 528
851, 525
847, 524
840, 523
833, 520
826, 519
818, 518
812, 517
805, 515
801, 515
797, 514
793, 514
791, 513
788, 513
787, 513
785, 513
783, 513
780, 513
777, 513
776, 513
773, 513
770, 513
769, 513
766, 513
765, 513
763, 513
763, 513
762, 512
762, 511
761, 511
761, 511
759, 511
758, 511
757, 510
754, 509
751, 509
751, 508
750, 508
749, 508
748, 508
746, 507
744, 507
743, 506
740, 506
739, 505
735, 504
732, 503
729, 502
726, 502
723, 500
718, 498
716, 498
714, 496
712, 495
707, 493
707, 492
702, 490
699, 488
693, 484
691, 482
686, 480
682, 477
677, 473
675, 471
670, 468
665, 464
659, 459
652, 454
643, 449
634, 442
625, 437
613, 429
606, 421
597, 414
588, 406
581, 401
575, 394
567, 388
560, 381
554, 374
549, 369
542, 364
538, 359
534, 355
529, 348
525, 344
521, 339
517, 335
512, 329
507, 324
503, 320
494, 315
485, 310
477, 305
466, 302
455, 297
444, 292
431, 286
420, 281
409, 278
402, 276
391, 271
382, 269
371, 266
355, 261
339, 257
322, 252
310, 249
298, 246
288, 242
279, 240
273, 238
267, 236
259, 235
252, 232
248, 231
238, 228
234, 227
228, 225
223, 224
219, 222
217, 221
213, 218
212, 216
210, 214
208, 210
207, 207
206, 204
205, 201
205, 199
204, 197
204, 196
204, 195
204, 193
204, 193
204, 192
204, 190
205, 189
205, 189
206, 187
206, 186
206, 186
207, 185
207, 185
207, 183
207, 183
207, 182
208, 181
208, 181
208, 180|True
208, 180
208, 181
208, 181
208, 183
208, 183
208, 184
208, 184
208, 186
208, 186
208, 187
208, 189
208, 189
208, 190
208, 192
208, 192
208, 193
208, 193
208, 195
208, 195
210, 196
210, 198
210, 198
210, 199
210, 199
210, 201
210, 201
210, 202
210, 204
210, 204
210, 205
211, 205
211, 207
211, 207
211, 208
211, 208
211, 210
211, 210
211, 211
211, 211
211, 212
213, 214
213, 214
213, 216
214, 217
214, 218
214, 219
214, 219
214, 220
215, 220
215, 222
215, 222
215, 223
215, 224
216, 225
216, 225
216, 226
216, 226
217, 228
217, 228
218, 229
218, 229
219, 231
220, 232
220, 233
221, 235
222, 237
225, 239
227, 241
229, 242
232, 244
239, 246
244, 248
251, 250
259, 252
269, 253
281, 254
292, 255
304, 257
321, 260
334, 260
352, 261
375, 264
401, 265
425, 265
452, 265
477, 265
500, 267
525, 268
549, 268
568, 268
585, 268
598, 268
610, 268
621, 268
629, 264
638, 262
641, 259
647, 256
652, 253
656, 249
660, 246
664, 243
669, 237
671, 235
674, 231
676, 229
680, 224
681, 223
685, 219
688, 216
690, 214
693, 211
697, 207
698, 206
700, 205
701, 205
702, 203
703, 202
705, 201
706, 199
708, 198
710, 195
711, 194
712, 192
714, 190
715, 188
715, 185
716, 182
718, 179
718, 177
718, 174
719, 172
720, 169
721, 166
721, 165
721, 163
722, 162
722, 161
722, 159
722, 159
722, 157
722, 156
722, 154
722, 153
722, 152
722, 151
722, 149
722, 147
722, 147
722, 145
722, 144
722, 144
722, 143
722, 142
722, 141
722, 140
722, 139
722, 138
722, 137
722, 136
722, 134
722, 132
722, 132
722, 131
722, 131
722, 129
722, 128
722, 127
723, 126
723, 126|True
723, 126
722, 126
722, 127
722, 128
721, 129
721, 130
720, 131
719, 132
719, 133
718, 134
718, 134
718, 135
716, 136
716, 137
715, 137
715, 139
713, 141
712, 141
712, 143
710, 144
710, 145
708, 147
706, 148
705, 150
702, 151
701, 152
699, 152
698, 154
697, 154
696, 155
694, 157
692, 158
690, 159
688, 159
687, 161
684, 162
681, 162
678, 165
676, 166
672, 167
669, 168
667, 169
665, 170
663, 171
660, 172
657, 172
653, 173
647, 175
641, 175
633, 175
619, 175
606, 175
593, 175
580, 175
566, 175
555, 175
541, 175
529, 173
517, 171
506, 170
494, 165
482, 162
470, 158
457, 155
445, 151
431, 145
415, 137
403, 131
389, 124
377, 119
368, 112
359, 107
350, 99
343, 94
338, 90
334, 86
332, 85
330, 81
328, 80
327, 78
326, 76
325, 73
323, 71
322, 69
322, 66
320, 64
319, 61
318, 58
316, 54
315, 52
313, 49
311, 46
311, 43
310, 41
309, 38
308, 37
308, 36
307, 35
307, 34
306, 32
306, 30
306, 28
306, 24
306, 23
306, 20
306, 18
304, 16
304, 16|True
304, 17
304, 20
304, 20
304, 23
305, 23
307, 25
309, 28
312, 30
315, 32
319, 35
322, 36
328, 40
334, 41
338, 42
346, 44
353, 44
362, 44
373, 44
385, 44
399, 44
413, 44
427, 44
443, 44
460, 44
476, 44
491, 44
504, 44
517, 44
527, 44
535, 44
539, 44
540, 44
541, 44
542, 44
543, 44
545, 44
547, 44
549, 44
549, 43
551, 43
553, 42
553, 41
556, 41
559, 40
560, 40
565, 38
568, 37
571, 36
574, 36
576, 36
577, 34
579, 33
581, 33
582, 33
583, 32
583, 32
584, 31
584, 31
585, 30
586, 29
587, 29
588, 29
589, 28
589, 28
591, 26
591, 26
591, 25
592, 25
592, 24
592, 23
592, 23
592, 22
593, 22
593, 21
594, 21
594, 20
594, 19|True
594, 19
595, 24
598, 32
600, 42
603, 51
606, 61
612, 72
618, 82
623, 92
631, 102
639, 113
646, 123
655, 132
667, 147
680, 162
694, 177
712, 195
730, 218
752, 243
769, 263
791, 289
811, 314
830, 335
849, 355
865, 373
876, 383
887, 394
896, 401
902, 405
908, 410
911, 411
913, 414
913, 414
914, 415
915, 415
915, 416
915, 418
915, 420
916, 423
918, 428
919, 434
919, 442
921, 453
923, 464
924, 476
925, 488
926, 500
930, 511
930, 522
930, 531
931, 541
931, 547
934, 556
934, 561
935, 569
936, 575
937, 582
939, 591
939, 597
940, 604
941, 609
941, 613
942, 616
942, 617
942, 617
943, 617
943, 617
944, 617
947, 617
948, 616
950, 614
953, 612
955, 609
956, 607
957, 605
959, 602
959, 600
959, 599
959, 598
959, 597
959, 595
961, 591
961, 588
962, 584
962, 580
963, 576
964, 572
965, 570
966, 567
967, 565|True
967, 564
968, 564
968, 564
969, 564
971, 565
972, 566
973, 567
973, 568
974, 568
975, 569
975, 570
975, 570|True
975, 570
969, 561
961, 552
943, 538
923, 521
898, 500
870, 480
842, 457
816, 435
794, 415
771, 398
753, 379
739, 364
724, 351
712, 340
706, 332
699, 325
696, 318
692, 313
689, 306
687, 300
684, 293
683, 289
682, 285
679, 280
678, 277
676, 274
675, 272
674, 269
673, 267
671, 265
670, 263
667, 261
663, 258
655, 253
648, 249
637, 243
625, 238
612, 232
598, 226
583, 220
571, 215
554, 211
541, 207
528, 204
513, 202
495, 199
478, 198
464, 196
447, 193
436, 193
422, 192
410, 192
403, 191
398, 191
393, 191
390, 191
387, 191
384, 191
381, 191
380, 191
376, 191
373, 191
369, 191
364, 191
356, 191
345, 191
333, 191
321, 191
307, 191
286, 187
257, 183
233, 179
214, 173
202, 172
194, 171
191, 171
190, 171
190, 170
190, 169|True
191, 169
194, 169
197, 169
200, 169
205, 169
210, 169
216, 169
221, 169
227, 168
231, 167
238, 165
240, 165
243, 164
246, 163
248, 163
249, 163
250, 163
251, 162
252, 161
254, 160
255, 159
257, 157
262, 155
264, 153
265, 152
270, 150
272, 149
273, 149
275, 148
278, 146
279, 146
281, 145
284, 144
286, 143
288, 142
291, 141
292, 141
296, 139
298, 137
301, 135
302, 134
307, 133
311, 133
315, 131
320, 130
324, 130
328, 129
334, 129
338, 129
342, 129
347, 129
351, 129
358, 129
366, 129
374, 129
385, 129
396, 129
406, 129
415, 129
425, 129
434, 129
442, 129
451, 129
458, 129
466, 129
472, 129
478, 129
485, 129
492, 129
499, 129
507, 129
512, 129
519, 129
525, 129
530, 129
534, 129
537, 129
541, 129
544, 129
548, 129
551, 129
554, 128
560, 128
565, 126
569, 126
573, 126
576, 125
579, 125
581, 125
582, 125
584, 125
585, 125
586, 125
588, 125
588, 125
589, 125
590, 125
591, 125
593, 125
593, 125
594, 125
595, 125
597, 125
599, 125
602, 125
605, 125
607, 125
609, 125
612, 125
615, 125
616, 125
617, 125
618, 125
618, 125
619, 125
620, 125
621, 125
623, 125
625, 125
628, 125
632, 125
638, 126
643, 127
647, 127
651, 127
656, 127
660, 127
662, 127
663, 127
665, 127
666, 127
666, 127
667, 127
668, 127
669, 127
672, 127
673, 127
675, 128
677, 128
679, 129
681, 129
683, 129
683, 129
684, 130
685, 130
686, 130
687, 130
689, 130
690, 130
692, 130
693, 130
695, 130
696, 130
698, 130
701, 130
702, 130
703, 130
704, 130
704, 130
705, 130
705, 130
706, 129|True
706, 129
703, 129
699, 129
692, 129
684, 128
673, 128
664, 126
650, 124
637, 123
624, 120
609, 118
594, 117
583, 115
574, 114
564, 113
557, 112
552, 110
545, 109
538, 109
530, 108
522, 107
511, 105
500, 104
487, 101
475, 99
464, 98
457, 97
447, 96
439, 94
432, 92
424, 92
416, 91
405, 89
391, 88
377, 85
360, 82
345, 81
330, 77
315, 76
303, 74
292, 70
283, 69
276, 68
269, 66
267, 66
264, 65
264, 65
263, 64
263, 63
261, 61
261, 59
260, 56
260, 54
259, 50
259, 48
259, 45
259, 44
259, 41
259, 39
259, 37
259, 36
259, 35
259, 33
259, 33
259, 32
259, 31
259, 31
259, 30
259, 28
259, 28
259, 27
259, 25
259, 24
259, 24
259, 23
259, 22|True
259, 22
259, 21
260, 21
263, 21
266, 21
270, 21
275, 22
280, 22
286, 23
290, 24
298, 24
306, 25
313, 27
324, 28
334, 30
345, 32
354, 33
367, 34
379, 35
390, 37
402, 40
413, 40
424, 41
436, 43
449, 45
460, 45
470, 45
477, 45
483, 45
489, 45
493, 45
498, 44
502, 43
506, 42
509, 39
512, 38
517, 36
518, 34
522, 32
524, 30
525, 30
527, 28
530, 27
532, 27
534, 24
535, 24
538, 23
539, 22
541, 21
543, 20
543, 19
544, 19
546, 19
547, 18
549, 17
552, 17
553, 16
554, 15
556, 14
557, 14
559, 14
559, 14
560, 14
561, 14
562, 14
563, 14
565, 14
566, 14
567, 14
569, 14
571, 14
573, 14
574, 14
576, 14
578, 14
578, 15
579, 15
580, 15
581, 15
581, 15
582, 15
582, 15
584, 15
584, 15
585, 15
585, 15
586, 15
587, 15
588, 15
588, 15|True
589, 17
589, 24
592, 35
593, 48
600, 66
605, 85
611, 105
622, 130
631, 155
644, 182
653, 204
662, 224
674, 246
680, 257
686, 268
691, 278
696, 286
702, 297
707, 306
713, 316
719, 328
727, 344
737, 358
743, 368
751, 379
757, 386
762, 395
768, 401
771, 405
776, 411
780, 415
785, 419
790, 424
796, 428
802, 433
810, 439
819, 444
830, 451
841, 456
852, 463
862, 470
871, 475
880, 481
887, 486
893, 491
899, 495
904, 499
911, 503
916, 506
921, 511
924, 515
928, 521
930, 527
932, 533
934, 541
936, 548
940, 555
941, 561
944, 565
947, 568
947, 569
949, 570|True
940, 570
920, 570
894, 568
862, 561
826, 558
775, 548
717, 538
648, 527
578, 506
497, 487
427, 467
355, 455
283, 444
225, 434
182, 427
160, 419
149, 413
142, 409
141, 408
141, 407
141, 405
140, 402
138, 398
136, 391
133, 381
131, 372
127, 359
124, 347
121, 336
118, 321
116, 308
114, 291
110, 277
107, 265
106, 256
104, 247
103, 239
102, 235
102, 229
102, 224
102, 219
102, 211
105, 201
107, 193
111, 182
115, 171
118, 163
122, 157
125, 154
126, 152
126, 150
127, 149
128, 148
130, 145
132, 142
135, 139
139, 135
144, 131
149, 128
152, 127
155, 127
156, 127
157, 126
158, 126
159, 126
159, 126
160, 126
162, 126
163, 126
165, 128
166, 128
168, 129
169, 130
171, 132
173, 134
177, 140
178, 143
181, 148
183, 151
185, 154
186, 156
187, 156
188, 158
188, 159
189, 160
190, 162
191, 163
192, 164
192, 165
193, 166
195, 170
195, 171
196, 173
197, 174
197, 176
197, 176|True
198, 177
202, 181
203, 182
206, 184
209, 184
211, 184
215, 184
218, 184
222, 184
226, 183
229, 182
233, 182
239, 180
248, 180
262, 180
278, 180
305, 180
344, 185
381, 190
418, 197
457, 201
494, 206
520, 209
548, 210
569, 210
589, 210
608, 210
628, 210
645, 203
671, 190
697, 175
721, 163
747, 152
767, 143
778, 139
789, 134
796, 131
802, 127
807, 125
808, 124
809, 123
809, 123
810, 123
811, 121
812, 120
813, 118
813, 117
813, 117
812, 116
807, 116
800, 118
792, 119
784, 122
774, 123
765, 124
757, 125
748, 127
742, 128
736, 129
732, 129
730, 130
730, 130
729, 130
728, 131
728, 131
727, 132
726, 132
724, 132
722, 132
718, 132
713, 132
708, 132
698, 132
686, 132
674, 132
660, 132
643, 130
630, 128
618, 126
608, 125
597, 124
590, 121
587, 120
583, 120
580, 119
578, 119
576, 119
574, 119
572, 119
571, 119
570, 119
570, 119
569, 119
568, 119
569, 119
571, 119
574, 119
578, 119
583, 117
591, 117
600, 117
609, 117
618, 117
627, 117
636, 117
645, 117
653, 117
660, 117
665, 117
670, 117
676, 117
683, 117
688, 117
695, 117
700, 117
706, 117
709, 117
709, 117
710, 117
711, 117
712, 117|True
712, 118
712, 119
712, 122
712, 125
712, 128
712, 132
710, 136
709, 140
706, 145
705, 148
701, 154
698, 160
695, 166
693, 171
689, 178
686, 181
682, 187
679, 191
677, 193
674, 197
671, 200
669, 202
665, 205
662, 207
658, 210
653, 213
649, 215
643, 218
637, 220
630, 223
624, 224
617, 227
612, 228
606, 228
602, 229
598, 229
593, 230
589, 230
585, 230
583, 230
580, 230
577, 230
576, 230
574, 230
572, 230
570, 230
567, 228
565, 228
561, 227
555, 224
550, 222
542, 219
537, 217
530, 213
523, 209
515, 204
511, 200
506, 196
497, 191
492, 187
486, 182
480, 178
472, 173
465, 169
457, 165
450, 161
443, 157
436, 153
431, 150
426, 146
421, 142
419, 141
416, 138
412, 135
409, 132
403, 125
397, 120
391, 114
385, 107
379, 98
372, 91
368, 86
364, 81
361, 78
359, 73
356, 70
355, 67
353, 66
353, 65
352, 63
350, 61
349, 59
347, 57
344, 53
343, 51
340, 49
339, 45
337, 43
336, 42
333, 39
333, 39
331, 36
330, 35
329, 34
328, 33
327, 30
326, 29
323, 26
323, 24
322, 23
321, 21
320, 20
319, 19
319, 18
319, 18
319, 17
318, 17
318, 16|True
322, 15
334, 18
350, 23
371, 27
394, 30
414, 31
438, 35
458, 38
475, 38
491, 38
505, 38
517, 38
525, 38
531, 38
533, 38
535, 38
535, 38
536, 38
536, 37
537, 37
539, 35
540, 35
542, 33
542, 33
543, 32
545, 31
545, 30
546, 30
547, 29
547, 29
548, 29
549, 28
549, 28
550, 28
551, 27
552, 27
553, 27
554, 27
554, 27
556, 27
558, 27
560, 27
565, 26
570, 26
573, 24
576, 24
579, 23
581, 23
582, 23
584, 22
585, 22
586, 21
587, 21|True
587, 21
588, 21
594, 29
603, 39
612, 51
626, 66
644, 84
664, 101
688, 122
714, 149
737, 172
763, 194
794, 222
819, 244
835, 259
858, 281
883, 301
911, 324
942, 347
983, 376
1022, 409
1050, 438
1079, 467
1099, 490
1112, 509
1126, 528
1132, 540
1137, 549
1139, 555
1139, 558
1139, 559
1139, 560
1139, 561
1139, 563
1139, 567
1138, 571
1135, 574
1131, 579
1128, 584
1125, 587
1122, 591
1119, 592
1118, 593
1116, 594
1113, 595
1109, 595
1107, 596
1101, 596
1096, 596
1092, 596
1086, 593
1080, 590
1075, 585
1071, 582
1068, 580
1066, 579
1062, 578
1059, 578
1055, 578
1051, 578
1047, 578
1043, 578
1039, 578
1033, 578
1029, 578
1023, 578
1016, 578
1010, 578
1004, 578
1000, 578
998, 578
998, 578
996, 578
996, 578
995, 578
995, 578
994, 578
992, 578
990, 578
990, 578|True
989, 578
985, 578
975, 574
965, 569
952, 562
939, 555
923, 545
906, 539
883, 528
855, 516
829, 505
798, 491
770, 480
745, 470
713, 454
688, 445
662, 434
639, 423
616, 414
601, 406
585, 397
570, 391
558, 385
546, 381
533, 375
521, 369
507, 363
498, 360
485, 352
474, 346
464, 340
455, 334
444, 329
432, 323
421, 317
413, 312
404, 307
396, 302
388, 297
384, 295
378, 291
369, 285
362, 279
354, 274
347, 266
341, 260
334, 254
328, 247
319, 241
313, 235
306, 230
299, 225
294, 222
287, 217
284, 217
280, 215
276, 213
271, 211
268, 210
263, 208
261, 206
259, 206
257, 205
255, 204
254, 203
253, 203
253, 203
252, 203
252, 202
251, 202
250, 202
249, 201
248, 200
247, 200
246, 199
245, 198
244, 198
243, 198
243, 197
242, 197
241, 195
239, 193
239, 193
238, 191
237, 190
236, 188
235, 186
234, 185
233, 184
232, 183
232, 182
232, 182
232, 180
231, 179
230, 179
230, 177
229, 175
228, 174|True
228, 173
228, 174
229, 174
231, 176
232, 177
234, 178
237, 180
240, 182
242, 183
245, 184
248, 185
250, 186
252, 188
256, 189
259, 190
262, 192
264, 193
267, 193
271, 196
274, 197
280, 200
284, 201
287, 202
292, 205
297, 207
301, 209
308, 212
313, 214
318, 214
325, 216
334, 219
341, 221
350, 222
360, 224
368, 225
377, 226
387, 227
396, 229
404, 229
411, 230
421, 231
427, 231
437, 231
445, 231
454, 231
465, 231
474, 231
483, 231
490, 231
499, 231
506, 231
513, 231
518, 231
524, 231
528, 231
531, 231
534, 231
538, 230
539, 230
543, 228
546, 226
550, 225
554, 224
558, 221
563, 219
569, 216
573, 215
579, 211
582, 211
588, 208
591, 206
594, 205
598, 204
601, 202
603, 201
605, 200
607, 199
610, 197
613, 196
616, 194
620, 193
621, 191
624, 190
626, 188
628, 187
630, 186
633, 184
634, 183
636, 181
639, 179
641, 178
643, 177
644, 176
646, 175
647, 174
648, 172
649, 172
651, 170
653, 168
656, 166
656, 165
659, 164
660, 162
663, 160
665, 158
666, 157
668, 156
669, 154
671, 152
672, 151
673, 151
673, 150
674, 149
675, 148
677, 146
678, 146
678, 145
679, 144
682, 142
682, 141
683, 140
684, 139
684, 139
684, 138
684, 137
684, 136
684, 135
685, 134
685, 133
685, 132
685, 130
685, 129
686, 129
686, 128
686, 127
686, 126
687, 125
687, 124
687, 123
688, 123
689, 121
689, 121
690, 121
690, 120
692, 120
692, 120
693, 119
693, 119
694, 119
696, 119
696, 119
697, 119
698, 119
699, 119
701, 119
701, 119
702, 119
702, 119
704, 119
705, 119
705, 119
707, 119
709, 119
711, 119
712, 119
713, 119
714, 119|True
714, 121
714, 124
713, 128
709, 134
708, 136
704, 140
699, 144
694, 148
690, 152
684, 156
678, 159
673, 161
671, 163
666, 166
663, 166
660, 167
656, 170
649, 172
640, 175
632, 176
623, 177
612, 179
601, 179
587, 179
573, 179
559, 179
541, 179
521, 179
502, 179
480, 179
461, 179
442, 179
430, 179
415, 178
402, 177
390, 175
378, 174
364, 172
352, 171
337, 169
324, 167
310, 163
298, 161
287, 158
279, 155
272, 151
267, 149
266, 147
265, 144
262, 141
262, 141
262, 139
262, 136
262, 133
262, 129
262, 125
262, 119
262, 115
262, 107
263, 102
265, 97
267, 90
269, 84
270, 78
272, 74
273, 68
275, 64
275, 61
275, 57
276, 53
277, 49
277, 47
277, 43
278, 40
278, 37
279, 34
279, 32
279, 30
279, 29
280, 28
280, 27
280, 26
281, 24
281, 23
281, 22
282, 20
283, 18
284, 17
284, 16
285, 16|True
292, 15
303, 15
319, 15
344, 14
374, 14
412, 14
455, 14
501, 14
538, 18
572, 21
610, 23
622, 25
632, 25
635, 25
637, 25
639, 24
641, 22
643, 22
643, 21
645, 20
647, 19
647, 18
647, 18
646, 18
643, 18
641, 18
638, 18
634, 18
628, 18
622, 18
618, 18
613, 18
608, 17
604, 17
602, 17
600, 15
597, 15
594, 15
591, 15
585, 15
580, 15
574, 15
572, 15
572, 15
571, 15
571, 15
572, 16
572, 16
574, 16
576, 16
578, 16
579, 16
581, 16
582, 16
582, 16
583, 16
586, 17
587, 18
588, 19
589, 19
590, 19
591, 20|True
591, 21
593, 28
599, 39
609, 54
623, 76
643, 101
666, 131
694, 162
721, 193
749, 227
780, 258
808, 292
838, 326
864, 356
889, 390
909, 419
927, 444
938, 463
947, 481
960, 502
971, 523
977, 540
982, 554
987, 569
989, 579
992, 589
993, 596
994, 603
996, 611
996, 614
997, 618
997, 620
997, 622
998, 622
998, 624
999, 626
1001, 627
1001, 628
1001, 627
1001, 623
1001, 619
1001, 614
1000, 610
999, 608
996, 603
996, 602
994, 600
992, 597
991, 595
990, 594
989, 592
987, 590
987, 589
986, 589
986, 589
985, 588|True
985, 588
983, 588
983, 588
982, 588
979, 590
977, 591
975, 592
974, 592
971, 594
968, 596
965, 597
963, 598
960, 599
957, 599
953, 601
951, 602
948, 602
944, 603
938, 606
932, 606
926, 607
916, 608
906, 608
895, 608
884, 608
874, 608
866, 608
855, 605
845, 603
834, 599
824, 596
817, 594
808, 593
798, 588
789, 585
780, 583
769, 580
762, 577
754, 572
744, 568
738, 566
727, 561
715, 555
699, 549
688, 543
671, 534
655, 525
644, 517
629, 508
619, 501
604, 491
594, 483
583, 477
568, 467
558, 461
549, 454
539, 446
533, 440
528, 434
524, 428
521, 421
519, 416
518, 409
515, 402
512, 395
506, 385
500, 377
492, 367
482, 353
474, 342
467, 332
457, 320
452, 313
446, 306
441, 301
436, 293
426, 288
416, 280
403, 273
383, 265
363, 256
345, 249
323, 240
310, 233
300, 230
290, 226
284, 223
280, 221
278, 221
277, 220
275, 220
272, 220
265, 220
256, 220
246, 220
238, 220
229, 218
222, 217
215, 216
214, 216
212, 215
210, 214
210, 213
208, 211
208, 211
207, 209
207, 208
206, 207
206, 207
206, 205
206, 203
205, 201
205, 200
205, 198
205, 196
205, 194
205, 191
205, 190
205, 187
205, 186
205, 183
205, 182
206, 181
206, 180
208, 178
208, 178
208, 177
208, 176
208, 175
208, 175
208, 174|True
209, 173
210, 173
211, 173
212, 174
213, 174
214, 174
215, 175
216, 175
218, 176
218, 177
219, 177
221, 178
223, 180
226, 181
228, 181
231, 182
234, 184
236, 185
239, 186
241, 187
244, 188
245, 189
246, 189
248, 190
249, 191
250, 191
251, 192
252, 192
253, 192
253, 192
254, 193
255, 193
256, 193
257, 194
258, 195
260, 195
260, 195
261, 196
262, 196
263, 196
263, 197
264, 197
265, 198
268, 199
270, 200
274, 202
279, 204
288, 207
293, 207
303, 209
308, 211
317, 212
322, 212
330, 212
335, 212
341, 212
344, 212
350, 210
353, 206
358, 202
365, 194
369, 186
374, 176
380, 167
384, 159
388, 151
392, 144
393, 140
396, 134
397, 130
398, 127
398, 125
398, 123
398, 122
400, 120
400, 119
401, 118
401, 117
401, 117
402, 117
404, 117
408, 117
417, 118
427, 119
440, 122
457, 123
475, 127
498, 130
521, 132
545, 136
562, 137
575, 137
588, 141
599, 142
610, 143
617, 143
621, 143
628, 143
630, 143
632, 143
633, 143
634, 143
636, 143
638, 143
640, 143
644, 143
648, 143
652, 143
660, 143
664, 143
670, 143
674, 143
677, 143
681, 143
684, 143
686, 143
688, 143
689, 143
692, 143
695, 143
697, 142
698, 142
699, 142
700, 141
701, 141
702, 140
703, 139
704, 139
705, 138
705, 137
707, 137
708, 135
709, 135
709, 135
710, 134
710, 134
711, 132
712, 132
712, 131
712, 131
712, 130
713, 130
714, 128
714, 128
715, 127|True
715, 127
714, 127
714, 127
713, 128
713, 129
712, 130
711, 130
708, 134
703, 135
694, 139
686, 141
675, 144
667, 145
660, 146
652, 148
645, 149
635, 150
625, 150
612, 150
598, 150
585, 150
571, 150
557, 150
543, 150
532, 150
522, 150
515, 150
507, 150
503, 150
497, 150
489, 150
483, 150
472, 150
461, 150
448, 150
432, 150
417, 150
399, 150
381, 147
362, 142
346, 138
329, 133
317, 127
307, 123
301, 119
295, 116
292, 114
286, 112
280, 109
275, 108
269, 105
268, 104
267, 103
264, 100
263, 98
260, 95
260, 93
259, 92
258, 89
258, 88
257, 85
257, 83
256, 79
256, 75
256, 72
256, 67
256, 64
256, 61
256, 58
256, 55
256, 52
256, 50
256, 47
256, 43
256, 40
256, 37
256, 35
256, 32
256, 29
256, 28
258, 23
261, 20
263, 15
265, 13
266, 11
266, 10|True
267, 9
268, 9
269, 9
271, 9
274, 9
279, 9
284, 10
294, 10
303, 13
311, 14
322, 15
334, 16
342, 16
354, 19
364, 20
375, 20
384, 20
395, 20
404, 20
413, 20
425, 20
434, 20
444, 20
455, 23
463, 23
472, 23
480, 23
489, 23
497, 23
504, 23
510, 23
516, 23
520, 23
523, 23
526, 23
529, 23
530, 22
533, 21
538, 20
541, 20
545, 19
548, 18
554, 16
555, 16
558, 16
560, 15
561, 15
561, 15
563, 15
564, 15
565, 15
567, 15
570, 15
572, 15
574, 15
576, 15
578, 15
578, 15
579, 15
581, 15
581, 15
582, 15
583, 15
584, 15
584, 15
585, 15
586, 15
587, 15
587, 15|True
588, 15
588, 18
590, 23
593, 29
601, 39
609, 50
617, 61
627, 78
643, 100
661, 125
677, 147
693, 169
708, 189
722, 206
734, 221
746, 235
755, 246
763, 256
771, 267
779, 278
784, 289
790, 303
798, 321
805, 338
812, 358
821, 381
828, 398
834, 413
842, 430
850, 440
855, 450
858, 457
862, 465
867, 472
872, 481
876, 488
879, 496
883, 505
888, 512
893, 522
895, 526
899, 532
902, 537
905, 542
907, 544
909, 547
911, 550
912, 550
914, 552
917, 553
920, 557
926, 563
935, 572
944, 582
952, 592
961, 602
967, 608
972, 614
976, 619
977, 620
977, 621
978, 621
979, 619
980, 616
980, 614
981, 612
981, 610
981, 609
981, 609
981, 607
981, 607
981, 606
981, 606
981, 605
981, 604
981, 603
981, 601
981, 600
981, 600
981, 598
980, 597
980, 596
980, 596
980, 595
980, 594
980, 593
980, 591
980, 591
980, 590
980, 588
980, 588
980, 587|True
977, 587
968, 587
956, 587
944, 584
930, 582
917, 581
901, 578
882, 572
867, 570
850, 565
834, 561
822, 558
806, 553
792, 548
774, 544
751, 537
732, 531
705, 523
678, 515
651, 507
631, 502
610, 496
595, 490
581, 486
572, 482
563, 478
557, 476
550, 472
543, 468
539, 467
529, 462
518, 457
505, 452
493, 445
482, 439
472, 433
463, 427
454, 420
448, 414
441, 406
438, 402
433, 394
426, 386
419, 376
412, 366
399, 352
387, 337
376, 325
369, 315
364, 305
358, 297
352, 287
348, 278
342, 270
341, 264
337, 258
333, 253
331, 250
326, 245
322, 241
320, 239
315, 236
313, 234
311, 232
310, 231
307, 229
305, 226
303, 224
301, 222
299, 220
295, 216
290, 213
286, 210
277, 206
270, 203
264, 200
260, 199
255, 196
252, 195
249, 194
247, 192
245, 192
242, 191
242, 191
240, 190
239, 189
238, 188
238, 188
237, 187
237, 187
236, 186
235, 185
234, 185
233, 185
233, 185
231, 184
229, 183
229, 182
228, 182
227, 181
226, 180|True
226, 180
232, 180
235, 181
241, 185
248, 186
254, 190
262, 193
269, 196
274, 199
280, 201
284, 204
288, 205
290, 206
292, 207
293, 208
294, 208
294, 208
295, 209
296, 210
297, 210
297, 211
298, 211
300, 211
301, 212
304, 213
304, 213
305, 214
307, 215
308, 215
310, 215
311, 215
313, 215
314, 215
315, 215
316, 215
318, 215
321, 215
324, 215
328, 215
332, 215
335, 215
338, 215
340, 215
343, 215
344, 215
346, 215
348, 215
351, 215
353, 215
355, 215
358, 215
361, 215
365, 215
369, 215
373, 215
377, 215
381, 215
387, 215
391, 215
396, 215
403, 215
408, 215
414, 215
419, 215
426, 215
431, 215
438, 215
445, 215
452, 215
457, 215
464, 215
469, 215
475, 215
480, 215
487, 215
492, 215
499, 215
506, 215
510, 215
515, 215
520, 215
524, 215
525, 214
528, 213
532, 213
537, 211
541, 209
544, 208
545, 207
548, 206
553, 204
556, 203
558, 201
561, 200
564, 199
567, 198
568, 197
569, 197
572, 196
573, 196
573, 195
574, 195
575, 195
576, 195
578, 195
579, 194
581, 194
583, 194
585, 193
586, 193
589, 193
591, 193
594, 192
596, 191
597, 190
599, 190
600, 190
602, 190
603, 189
606, 188
607, 188
609, 187
610, 187
611, 187
613, 187
617, 185
621, 183
625, 181
630, 179
633, 178
637, 177
640, 176
642, 175
642, 175
643, 174
644, 174
646, 174
648, 172
650, 171
653, 171
658, 168
662, 165
667, 162
673, 160
676, 159
678, 157
679, 156
680, 156
683, 153
683, 152
685, 151
685, 150
687, 149
688, 147
689, 146
690, 145
691, 144
691, 143
692, 141
693, 141
693, 140
694, 139
694, 138
694, 138
694, 137
696, 136
696, 135
697, 134
697, 133
698, 131
699, 131
699, 129
701, 128
701, 126
701, 125
703, 124
703, 124
703, 123
704, 123
705, 122
702, 122
695, 122
681, 122
666, 122
649, 119
628, 115
602, 109
582, 103
569, 100
557, 96
547, 93
543, 92
541, 92
539, 91
539, 91
537, 91
535, 91
533, 91
532, 91
530, 91
528, 91
528, 91
527, 91
525, 93
524, 94
520, 97
518, 101
515, 104
512, 110
512, 112
511, 116
511, 117
511, 118
511, 119
511, 119
511, 120
511, 120
512, 120
513, 122
515, 122
515, 122
516, 122
517, 122
519, 122
522, 122
526, 122
530, 122
537, 122
545, 122
556, 122
568, 122
580, 122
591, 122
602, 122
613, 122
622, 123
630, 123
636, 123
640, 123
644, 123
647, 123
650, 123
651, 123
653, 123
656, 123
658, 123
660, 123
661, 123
663, 123
664, 123
666, 123
668, 123
668, 123
670, 123
671, 123
673, 123
674, 123
676, 123
677, 123
679, 123
680, 123
681, 123
682, 123
683, 123
684, 123
684, 123
686, 123
687, 123
688, 123
689, 123
690, 123
692, 123
693, 123
694, 123
695, 123
695, 123
697, 123
698, 123
698, 123
699, 123
700, 123
701, 123
701, 123
702, 123
702, 123
704, 123
705, 122
706, 122
708, 122
708, 122
709, 122
710, 122
710, 122|True
710, 122
708, 122
702, 122
691, 123
679, 123
661, 123
642, 123
617, 123
598, 123
579, 123
564, 123
551, 123
541, 123
534, 123
526, 123
520, 123
516, 123
511, 123
507, 123
499, 123
492, 123
485, 123
478, 123
469, 123
462, 122
455, 121
448, 119
443, 119
440, 118
436, 118
431, 117
427, 117
422, 117
412, 117
403, 117
392, 117
380, 115
369, 113
357, 112
347, 111
336, 109
328, 108
322, 107
318, 106
315, 105
313, 104
310, 104
308, 104
306, 103
303, 102
298, 100
296, 100
293, 98
291, 97
289, 96
289, 95
287, 94
287, 93
286, 92
285, 90
284, 87
284, 85
283, 83
283, 80
283, 79
283, 78
283, 75
281, 72
281, 72
281, 69
281, 69
281, 68
281, 66
281, 66
281, 64
281, 63
281, 62
281, 60
281, 58
281, 55
282, 53
282, 51
282, 49
284, 47
285, 45
285, 45
286, 42
287, 41
288, 40
289, 38
289, 37
291, 35
291, 35
292, 33
293, 32
293, 31
294, 30
294, 30
296, 28
296, 28
297, 28
298, 27
299, 27
300, 26
300, 26
301, 25
302, 25
302, 24
304, 24
305, 22
308, 21
310, 19
311, 18
313, 18
313, 17|True
314, 17
323, 15
349, 15
395, 15
452, 15
511, 15
566, 15
620, 15
666, 15
698, 15
716, 15
726, 16
731, 17
731, 17
732, 18
732, 19
725, 21
713, 21
700, 21
687, 21
671, 21
656, 21
640, 21
625, 21
616, 21
608, 21
603, 21
601, 21
601, 21
599, 21
599, 21
598, 21
598, 21
597, 21
596, 21|True
595, 21
595, 25
596, 32
601, 41
607, 50
614, 63
621, 76
631, 90
648, 110
663, 128
677, 143
690, 158
710, 175
725, 187
740, 200
760, 217
777, 232
792, 245
810, 262
824, 277
834, 291
847, 310
860, 331
868, 349
876, 367
882, 382
886, 391
890, 397
892, 399
893, 400
893, 401
894, 403
895, 406
896, 410
898, 416
900, 425
904, 435
907, 447
910, 461
916, 473
920, 487
922, 498
926, 508
928, 515
929, 520
929, 523
929, 526
929, 528
929, 534
929, 540
929, 547
929, 555
929, 561
929, 571
929, 579
929, 587
929, 593
929, 600
930, 606
930, 608
931, 609
932, 611
932, 611
933, 611
935, 611
936, 607
938, 602
939, 600
940, 599
941, 595
942, 595
942, 593
942, 592
943, 591
943, 590
943, 588
943, 586
944, 585
944, 584
944, 583
944, 583
944, 582|True
944, 581
942, 581
937, 581
932, 581
922, 581
912, 581
900, 581
884, 581
864, 581
843, 581
818, 581
788, 581
759, 578
739, 575
718, 572
698, 569
675, 562
664, 556
647, 551
624, 542
599, 533
573, 522
549, 509
528, 497
514, 485
498, 469
487, 457
476, 445
464, 430
455, 420
443, 406
432, 394
421, 380
410, 368
401, 358
389, 347
378, 339
363, 328
345, 311
323, 296
314, 285
310, 278
310, 277
310, 272
309, 262
304, 254
297, 245
291, 238
284, 230
278, 224
273, 217
268, 213
262, 208
257, 204
255, 202
252, 202
250, 200
249, 200
248, 200
248, 200
247, 199
246, 199
244, 198
243, 198
240, 197
238, 197
234, 196
231, 195
229, 194
227, 193
225, 192
223, 192
223, 191
222, 191
222, 190
220, 189
219, 187
219, 187
218, 185
218, 183
217, 181
216, 181
216, 179
216, 177
216, 177
215, 176
215, 175
215, 174
214, 173
214, 173|True
213, 173
213, 173
213, 173
213, 174
213, 176
214, 181
216, 187
221, 195
223, 200
225, 202
226, 204
227, 206
228, 206
228, 206
229, 206
230, 206
231, 206
234, 206
239, 206
242, 204
247, 203
255, 200
260, 198
268, 195
272, 194
275, 193
280, 190
286, 186
289, 183
295, 179
299, 176
303, 172
305, 170
309, 165
310, 163
312, 158
314, 155
316, 152
318, 149
320, 146
322, 144
322, 143
323, 142
323, 141
325, 140
325, 140
327, 138
327, 138
328, 137
329, 136
330, 135
332, 133
333, 133
334, 132
336, 130
338, 130
340, 129
341, 128
342, 128
344, 128
345, 127
346, 127
347, 126
350, 125
353, 124
355, 123
357, 122
359, 121
362, 120
363, 119
365, 119
369, 119
370, 118
374, 116
378, 115
380, 115
382, 115
385, 114
389, 114
392, 112
397, 112
399, 112
401, 112
403, 112
404, 112
405, 112
406, 112
407, 112
407, 112
408, 112
409, 112
410, 112
412, 112
416, 112
419, 112
424, 112
430, 112
434, 112
439, 112
443, 112
446, 112
450, 112
452, 112
454, 112
457, 112
457, 112
458, 112
460, 112
461, 112
463, 112
464, 112
466, 112
468, 112
468, 112
470, 112
472, 112
473, 112
474, 112
476, 112
477, 112
478, 112
480, 112
481, 112
483, 112
485, 112
487, 112
488, 112
490, 112
493, 112
495, 112
498, 112
499, 112
501, 112
503, 112
505, 112
506, 112
507, 112
508, 112
508, 112
509, 112
510, 112
511, 112
511, 112
513, 112
514, 112
517, 112
520, 112
523, 113
527, 114
530, 115
532, 115
534, 115
537, 116
538, 116
540, 116
541, 116
541, 116
542, 116
544, 116
546, 116
547, 116
550, 116
554, 116
559, 116
564, 116
569, 116
574, 116
580, 116
585, 116
589, 116
593, 116
595, 116
599, 116
602, 116
605, 116
605, 116
608, 116
609, 116
609, 116
611, 116
614, 116
615, 116
619, 116
622, 116
626, 116
630, 116
635, 116
639, 116
643, 116
644, 116
647, 116
648, 116
650, 116
650, 116
651, 116
652, 116
653, 116
654, 116
656, 116
658, 116
660, 116
662, 116
665, 116
667, 116
670, 116
671, 116
674, 116
677, 116
678, 116
678, 116
679, 116
680, 116
681, 117
683, 117
686, 119
688, 119
691, 120
692, 120
695, 121
696, 121
697, 121
698, 121
698, 121
699, 121
700, 121
700, 121
701, 121
701, 121
702, 121
702, 121
704, 121
704, 121
705, 121
705, 121
706, 121
707, 121
708, 121
708, 121
709, 121
710, 121
711, 121|True
711, 121
708, 121
704, 121
696, 121
686, 121
672, 121
658, 121
641, 121
620, 117
603, 115
587, 112
572, 111
562, 108
549, 106
539, 105
528, 105
519, 105
511, 105
505, 105
500, 104
497, 104
494, 104
492, 104
489, 104
486, 103
481, 103
479, 102
474, 101
470, 101
464, 100
457, 97
450, 95
442, 92
437, 90
427, 86
419, 84
411, 80
400, 78
389, 75
379, 73
370, 70
363, 68
354, 65
350, 64
344, 61
341, 59
339, 58
336, 57
335, 55
332, 54
330, 52
328, 51
326, 49
324, 49
322, 48
321, 47
319, 46
319, 45
318, 45
318, 44
316, 43
316, 42
314, 41
314, 40
312, 38
312, 38
311, 36
311, 36
309, 35
309, 33
309, 33
309, 32
308, 30
308, 30
307, 28
306, 25
306, 24
305, 23
305, 22
305, 21
305, 20
305, 20
305, 19
305, 18
305, 18
305, 17
305, 16
305, 15
305, 15
304, 14
304, 13
304, 12|True
306, 11
314, 11
324, 11
337, 11
350, 11
365, 11
381, 11
400, 11
419, 11
436, 11
452, 11
465, 11
475, 11
483, 11
488, 11
491, 11
492, 11
494, 11
495, 11
497, 10
501, 10
505, 10
511, 9
515, 9
520, 9
525, 9
528, 9
530, 9
533, 8
534, 8
535, 8
535, 8
536, 8
537, 8
538, 7
540, 7
542, 7
544, 7
545, 7
548, 7
550, 7
551, 7
554, 7
556, 7
559, 7
562, 7
563, 7
566, 7
569, 7
570, 7
573, 7
576, 7
578, 7
580, 7
580, 7
581, 7
582, 7
583, 7
583, 7
584, 7
584, 8
586, 9
586, 10
587, 12
588, 13
588, 14
588, 14
589, 15
589, 15
590, 16|True
593, 18
600, 26
610, 35
628, 46
649, 60
672, 71
696, 84
721, 93
752, 107
772, 114
802, 122
829, 130
850, 135
872, 142
894, 148
913, 153
932, 159
953, 163
975, 167
995, 170
1017, 176
1039, 183
1060, 187
1081, 190
1103, 191
1122, 195
1135, 195
1151, 195
1163, 195
1172, 195
1180, 195
1186, 195
1189, 195
1190, 195
1191, 195
1192, 196
1194, 198
1196, 200
1201, 202
1202, 204
1207, 206
1212, 208
1218, 209
1222, 212
1229, 214
1243, 217
1261, 224
1291, 232
1323, 241
1358, 251
1386, 259
1403, 266
1411, 269
1413, 270
1414, 270
1414, 273
1412, 274
1411, 275
1408, 277
1404, 279
1401, 280
1398, 281
1393, 283
1389, 285
1385, 286
1382, 286
1377, 286
1374, 286
1369, 286
1365, 286
1362, 286
1358, 286
1356, 286
1354, 286
1353, 286
1351, 286
1351, 286
1350, 286
1350, 286
1348, 286
1347, 286
1344, 286
1340, 286
1339, 286
1336, 286
1333, 286
1332, 286
1331, 286
1330, 286
1329, 286
1328, 286
1328, 286
1327, 286
1326, 286
1325, 285
1325, 285|True
1323, 285
1321, 285
1317, 285
1311, 285
1302, 285
1291, 285
1279, 285
1263, 285
1250, 285
1232, 285
1213, 285
1196, 285
1177, 285
1160, 285
1142, 287
1127, 289
1106, 293
1089, 294
1077, 297
1057, 300
1038, 302
1018, 303
997, 306
977, 308
959, 310
943, 313
930, 315
917, 317
906, 319
893, 320
879, 321
866, 321
855, 321
845, 321
834, 321
826, 321
818, 323
812, 324
808, 325
803, 328
800, 329
793, 331
787, 332
780, 334
771, 336
762, 339
753, 340
742, 341
731, 343
722, 344
713, 345
699, 349
687, 350
672, 351
655, 354
641, 356
624, 358
605, 362
590, 364
576, 369
565, 373
552, 379
545, 384
536, 389
529, 394
522, 400
514, 405
504, 412
494, 418
485, 423
475, 429
466, 433
462, 435
458, 437
456, 439
455, 439
454, 439
454, 440