59, 376
60, 377
68, 377
77, 376
91, 374
108, 371
129, 368
157, 363
183, 360
215, 355
248, 352
285, 348
324, 345
365, 339
403, 339
450, 339
490, 339
534, 339
572, 339
615, 339
653, 339
691, 339
729, 339
772, 339
810, 339
852, 336
892, 329
925, 325
954, 320
980, 317
1005, 310
1029, 302
1046, 297
1066, 290
1092, 283
1120, 275
1151, 272
1177, 267
1208, 264
1228, 261
1249, 259
1269, 257
1285, 257
1303, 255
1318, 254
1331, 253
1344, 252
1357, 248
1371, 247
1384, 244
1396, 242
1410, 240
1424, 237
1440, 236
1460, 235
1484, 228
1509, 228
1537, 227
1569, 220
1600, 215
1626, 212
1650, 208
1664, 207
1677, 207
1686, 207
1691, 207
1694, 207
1697, 207
1697, 207
1698, 207
1700, 207
1701, 207
1702, 211
1705, 220
1706, 229
1710, 241
1711, 252
1711, 259
1711, 263
1711, 266
1711, 268
1711, 268
1710, 270
1708, 270
1706, 272
1704, 273
1700, 273
1697, 274
1695, 274
1692, 276
1691, 276
1689, 276
1688, 277
1686, 278
1683, 278
1681, 278
1678, 278
1675, 278
1672, 278
1669, 278
1667, 278
1666, 278
1665, 278
1663, 278
1663, 279|True
1663, 279
1662, 281
1660, 283
1658, 284
1653, 286
1651, 287
1645, 288
1638, 290
1633, 292
1625, 294
1617, 297
1606, 299
1595, 302
1581, 307
1568, 310
1552, 315
1535, 320
1523, 325
1512, 327
1500, 330
1488, 334
1477, 337
1464, 341
1452, 344
1441, 348
1427, 353
1410, 359
1392, 368
1378, 374
1362, 381
1350, 387
1339, 393
1329, 397
1321, 401
1312, 404
1304, 409
1295, 412
1287, 415
1278, 420
1270, 426
1262, 431
1252, 437
1245, 444
1236, 449
1228, 456
1219, 462
1210, 468
1199, 474
1188, 481
1177, 485
1166, 490
1158, 493
1149, 495
1140, 496
1134, 499
1129, 499
1124, 500
1120, 501
1117, 501
1114, 503
1112, 505
1108, 507
1103, 511
1100, 513
1095, 516
1090, 518
1086, 521
1082, 523
1078, 526
1076, 527
1073, 529
1071, 530
1068, 532
1065, 535
1061, 539
1056, 544
1051, 547
1047, 550
1044, 553
1040, 555
1037, 557
1035, 558
1031, 559
1027, 561
1023, 562
1018, 565
1016, 565
1011, 568
1010, 568
1007, 569
1006, 569
1006, 569
1005, 569
1003, 569
1003, 570
1001, 570
999, 571
996, 572
996, 572
993, 573
992, 573
991, 573
990, 573|True
989, 573
984, 575
978, 575
975, 575
971, 575
967, 575
961, 575
954, 575
946, 574
937, 573
928, 571
916, 570
906, 569
897, 566
886, 563
875, 559
863, 556
850, 551
834, 545
817, 537
793, 526
768, 517
743, 509
716, 501
684, 492
651, 484
619, 473
584, 465
554, 456
524, 448
497, 440
474, 433
449, 421
432, 415
414, 407
398, 397
382, 388
371, 381
362, 374
353, 365
347, 356
340, 348
334, 336
328, 325
324, 315
319, 304
314, 293
312, 285
307, 277
305, 270
304, 265
304, 263
304, 261
304, 257
304, 251
304, 243
304, 235
304, 226
304, 217
303, 207
302, 200
301, 192
297, 185
297, 181
295, 175
292, 169
291, 165
289, 159
288, 153
286, 149
284, 144
282, 138
280, 134
277, 128
273, 122
268, 116
263, 111
258, 106
253, 102
247, 98
243, 95
241, 94
239, 92
238, 92
238, 91
237, 92
236, 95
236, 100
236, 106
234, 110
234, 113
234, 115
234, 116
234, 116
234, 117
236, 117
240, 117
245, 118
250, 118
255, 120
261, 120
267, 120
271, 120
275, 120
278, 120
282, 120
286, 121
291, 121
296, 121
301, 121
311, 121
317, 121
327, 121
335, 121
343, 121
350, 121
356, 121
362, 121
370, 121
378, 121
386, 121
395, 121
406, 121
412, 121
422, 121
432, 121
442, 121
452, 121
462, 121
472, 121
483, 121
494, 121
506, 121
517, 121
529, 121
543, 121
553, 121
565, 121
576, 121
586, 121
596, 121
605, 121
613, 121
622, 121
629, 121
637, 121
641, 121
647, 121
650, 121
654, 121
657, 121
659, 121
661, 120
662, 120
662, 120
663, 120
664, 120
665, 120
666, 120
668, 120
672, 120
676, 120
679, 120
682, 120
685, 120
686, 120
687, 120
687, 120
689, 120
689, 120
690, 120
690, 120
691, 120
692, 121
693, 121
693, 121
695, 122
696, 122
699, 122
699, 122
700, 122
701, 123
701, 123
702, 123
703, 124
703, 125
703, 126
703, 126
702, 127
701, 127
699, 130
696, 131
692, 135
688, 137
681, 141
677, 144
671, 146
665, 149
661, 149
655, 150
647, 152
640, 152
632, 152
625, 152
616, 152
607, 152
595, 152
586, 152
576, 152
568, 152
559, 152
550, 152
543, 152
533, 152
525, 152
519, 152
511, 152
503, 152
495, 152
488, 152
481, 152
475, 151
471, 151
468, 151
464, 151
462, 151
459, 151
456, 151
453, 151
451, 151
448, 151
444, 151
441, 151
438, 151
434, 151
431, 151
428, 151
424, 151
420, 151
416, 151
410, 151
405, 151
400, 151
395, 151
391, 151
387, 151
383, 151
379, 151
376, 151
374, 151
370, 151
367, 151
364, 151
362, 151
360, 151
358, 152
356, 152
353, 153
350, 153
344, 154
338, 157
330, 158
323, 161
317, 162
313, 164
309, 164
306, 164
303, 166
301, 166
298, 166
298, 166
296, 166
293, 167
291, 168
286, 169
283, 170
280, 170
278, 171
277, 171
275, 171
274, 171
273, 172
272, 172
271, 172
270, 173
269, 173
268, 174
267, 174
266, 174
264, 174
263, 174
263, 174
261, 174
258, 174
256, 174
253, 174
250, 174
247, 174
245, 174
243, 174
243, 174
242, 174
241, 173
240, 173
239, 173
238, 173
237, 173|True
237, 173
237, 171
241, 166
248, 162
256, 158
263, 154
268, 151
272, 149
277, 146
279, 146
282, 145
285, 142
288, 141
290, 140
293, 138
298, 135
303, 132
307, 129
311, 128
315, 125
319, 122
321, 121
323, 119
325, 118
327, 117
328, 116
330, 116
330, 116
332, 115
335, 113
337, 113
341, 113
347, 112
350, 112
354, 112
361, 112
367, 112
373, 112
380, 112
388, 112
397, 112
406, 112
417, 112
430, 114
444, 115
457, 116
474, 119
487, 121
502, 122
514, 124
526, 125
537, 125
546, 125
555, 125
561, 125
570, 125
577, 125
586, 125
596, 125
601, 125
608, 125
614, 125
619, 125
623, 125
624, 125
626, 125
627, 125
629, 125
633, 125
635, 125
639, 125
643, 125
647, 125
650, 125
655, 125
658, 125
662, 125
664, 125
666, 125
668, 125
670, 125
672, 126
673, 126
675, 126
677, 126
679, 126
680, 126
682, 126
683, 126
686, 126
686, 126
688, 126
689, 126
691, 126
695, 126
697, 125
700, 125
701, 124
702, 124
703, 124
704, 124
704, 124|True
704, 124
694, 121
676, 118
652, 114
620, 106
587, 97
558, 90
532, 87
508, 83
494, 82
480, 81
470, 80
462, 80
455, 80
449, 80
443, 80
437, 80
433, 80
428, 80
422, 80
418, 78
411, 77
404, 76
397, 74
387, 71
381, 70
372, 65
362, 61
351, 56
345, 54
338, 51
334, 49
330, 46
327, 45
323, 42
320, 41
317, 39
315, 37
310, 34
307, 33
305, 32
303, 31
300, 29
300, 29
298, 27
296, 25
296, 23
292, 20
291, 18
290, 18
289, 16
288, 16|True
288, 16
293, 16
303, 16
315, 16
327, 17
341, 18
359, 22
372, 23
389, 25
402, 27
416, 30
426, 31
437, 33
445, 34
455, 35
466, 38
475, 38
486, 38
498, 41
510, 42
528, 47
540, 50
551, 52
560, 53
571, 55
576, 55
580, 55
583, 55
585, 55
586, 55
588, 54
589, 52
590, 51
592, 48
593, 47
593, 46
594, 44
595, 43
595, 42
595, 41
595, 40
597, 38
598, 35
598, 32
598, 32
598, 31
598, 31
598, 30
598, 29
598, 28
598, 26
598, 26
598, 25
598, 25
598, 24
598, 22
597, 22
597, 20
597, 19
596, 18|True
598, 20
602, 27
608, 37
615, 47
622, 57
633, 68
646, 84
658, 98
674, 114
690, 131
709, 154
726, 172
741, 187
754, 204
765, 217
774, 225
784, 237
793, 247
801, 257
808, 265
815, 273
821, 282
822, 288
823, 292
825, 297
826, 299
826, 302
827, 305
827, 310
828, 316
831, 324
834, 333
837, 342
838, 352
842, 362
844, 370
846, 376
846, 381
847, 385
847, 391
848, 395
850, 404
851, 412
853, 421
857, 430
859, 437
861, 442
862, 448
863, 454
868, 461
871, 469
874, 475
877, 483
877, 486
878, 489
880, 493
881, 495
881, 498
882, 502
884, 505
885, 508
885, 511
888, 515
889, 517
889, 518
890, 520
892, 522
894, 524
895, 526
899, 527
903, 530
908, 534
913, 538
917, 540
919, 542
922, 543
922, 544
924, 545
924, 545
925, 546
925, 546
927, 547
929, 548
930, 549
931, 550
934, 552
934, 552
935, 553
936, 554
937, 555
939, 556
939, 556
941, 557
943, 558
945, 561
947, 562
947, 563
948, 564
950, 565
950, 566
951, 567
952, 567
953, 568
953, 568
955, 570
956, 570
957, 572
958, 572
958, 573
959, 573
960, 574
960, 575
961, 576
961, 577
961, 578
962, 580
963, 581
963, 582
964, 583
964, 584|True
964, 584
964, 584
964, 582
964, 581
964, 579
965, 577
965, 576
965, 574
965, 572
965, 570
966, 567
966, 564
968, 560
969, 554
969, 544
969, 532
969, 517
969, 501
969, 487
966, 469
961, 453
954, 436
949, 421
943, 407
938, 396
932, 387
928, 378
923, 370
915, 362
909, 356
904, 349
898, 345
894, 341
887, 337
880, 333
872, 329
865, 326
859, 322
849, 317
844, 315
839, 313
833, 311
825, 307
819, 303
815, 302
809, 298
805, 296
800, 294
798, 293
796, 293
794, 292
792, 291
789, 290
789, 289
787, 289
786, 289
783, 287
779, 285
775, 285
770, 283
766, 282
759, 280
752, 278
745, 276
739, 275
731, 272
724, 270
717, 268
710, 266
704, 265
695, 262
686, 261
677, 257
670, 255
664, 254
657, 251
651, 250
646, 250
643, 248
638, 247
633, 246
626, 245
616, 243
607, 242
596, 241
586, 240
578, 239
569, 238
562, 237
554, 237
548, 236
540, 235
534, 233
526, 232
519, 231
513, 231
504, 230
496, 228
488, 227
480, 226
469, 225
459, 221
450, 219
438, 216
424, 213
412, 209
398, 205
382, 200
371, 197
360, 193
349, 191
338, 188
327, 185
315, 181
307, 180
297, 177
289, 175
282, 173
275, 172
270, 171
267, 170
264, 170
263, 170
262, 170
260, 170
260, 170
257, 170
254, 170
253, 170
249, 170
244, 168
240, 167
236, 167
229, 166
224, 165
219, 165
216, 164
215, 164
214, 164
213, 164|True
212, 163
212, 163
214, 162
216, 160
219, 159
225, 156
230, 154
234, 153
239, 151
244, 150
250, 150
256, 148
259, 146
263, 145
265, 144
270, 144
272, 143
275, 142
276, 141
279, 141
280, 141
283, 140
283, 139
285, 139
286, 139
287, 139
289, 139
292, 138
295, 138
300, 138
304, 138
310, 138
315, 138
323, 138
330, 137
340, 135
346, 134
356, 134
361, 134
369, 134
376, 134
385, 134
393, 134
400, 134
411, 134
420, 134
428, 134
437, 134
448, 134
459, 134
469, 134
480, 134
490, 134
501, 134
510, 134
520, 134
529, 133
536, 132
542, 130
550, 129
556, 128
561, 127
566, 125
570, 125
574, 124
578, 124
582, 124
587, 123
590, 123
594, 123
598, 123
601, 123
605, 123
609, 123
612, 123
613, 123
615, 123
618, 123
620, 123
621, 123
624, 123
628, 125
631, 125
635, 125
638, 126
643, 127
646, 127
650, 128
651, 128
653, 129
654, 129
654, 129
655, 130
657, 130
657, 130
661, 130
664, 130
669, 130
673, 130
679, 130
683, 130
687, 130
689, 130
692, 130
694, 130
695, 130
696, 130
696, 130
698, 130
700, 130
701, 130
703, 130
704, 130
707, 130
707, 130
708, 130
709, 130
710, 130
711, 129
711, 129
712, 129
713, 128
713, 128
714, 126
715, 125
716, 124|True
712, 124
704, 127
693, 127
682, 127
671, 127
657, 127
644, 127
631, 127
619, 127
610, 127
600, 127
595, 127
589, 127
586, 127
583, 127
580, 127
578, 127
575, 127
571, 127
567, 127
560, 127
554, 127
544, 126
535, 125
521, 122
509, 120
497, 119
483, 115
471, 110
458, 109
444, 106
432, 104
421, 102
411, 100
400, 99
390, 98
382, 97
373, 95
365, 94
359, 92
353, 90
348, 88
344, 83
338, 79
333, 72
327, 65
322, 60
318, 56
315, 52
310, 49
309, 47
305, 45
305, 44
304, 43
302, 41
302, 40
301, 40
301, 38
300, 38
299, 37
299, 36
298, 34
298, 31
297, 29
296, 26
295, 22
294, 20
294, 18
293, 17
292, 16
292, 15
292, 14|True
292, 14
295, 14
303, 14
311, 14
321, 14
330, 14
341, 14
353, 14
361, 15
369, 16
377, 16
383, 19
390, 19
396, 19
403, 19
410, 19
417, 19
422, 19
430, 19
435, 19
441, 19
445, 19
448, 19
452, 19
455, 19
459, 19
462, 19
464, 19
468, 19
475, 19
482, 19
487, 19
496, 19
506, 19
512, 19
520, 20
527, 21
536, 22
543, 24
552, 25
558, 26
564, 26
570, 27
576, 29
580, 29
584, 29
587, 29
588, 29
591, 29
592, 29
593, 29
594, 29
594, 29
595, 29
595, 28
596, 28
596, 28
596, 27
597, 26
597, 24
597, 23
597, 23
597, 21
597, 20|True
598, 20
601, 29
607, 43
620, 62
630, 74
644, 91
662, 110
683, 130
704, 151
722, 169
743, 188
758, 204
772, 219
787, 239
798, 251
807, 264
813, 276
822, 289
826, 298
829, 308
833, 318
836, 321
837, 324
838, 330
838, 333
839, 337
839, 339
841, 342
841, 344
842, 346
843, 348
843, 349
845, 352
846, 355
846, 357
849, 360
850, 363
852, 365
854, 369
857, 373
861, 377
864, 381
869, 387
874, 394
878, 398
882, 404
883, 407
887, 411
888, 413
888, 415
889, 416
889, 416
889, 417
889, 420
889, 425
889, 433
891, 444
892, 454
894, 466
895, 478
897, 488
900, 496
901, 501
901, 503
901, 504
901, 505
901, 507
901, 513
901, 520
901, 528
902, 534
905, 542
907, 544
909, 546
910, 547
910, 547
911, 548
912, 549
913, 550
915, 550
917, 553
919, 554
923, 558
926, 559
928, 561
932, 564
932, 565
933, 565
933, 566
934, 567
936, 568
938, 572
938, 573
941, 577
943, 580
944, 580
945, 581|True
945, 581
941, 580
935, 577
925, 572
914, 565
899, 556
881, 547
857, 532
822, 514
788, 494
758, 477
721, 454
686, 430
648, 403
611, 373
567, 339
522, 309
481, 280
437, 250
402, 228
373, 213
349, 198
327, 189
312, 183
295, 177
282, 171
271, 165
261, 161
253, 158
243, 154
234, 149
226, 147
222, 144
216, 142
213, 142
212, 141
211, 141
211, 141
209, 140
206, 140
202, 139
194, 136
184, 134
175, 130
165, 128
155, 124
150, 124
147, 123
145, 123
144, 123
143, 123
143, 123
143, 124
143, 126
144, 127
145, 128
147, 129
151, 131
156, 134
162, 137
169, 139
175, 142
180, 144
184, 146
185, 146
187, 147
188, 148
190, 149
192, 150
193, 150
194, 151
195, 152
196, 153
196, 156
199, 161
200, 164
200, 166
201, 168
201, 169
202, 170|True
205, 170
206, 170
208, 169
210, 167
213, 166
213, 165
215, 164
216, 163
217, 162
220, 160
223, 158
225, 156
229, 154
233, 151
235, 150
239, 147
240, 146
242, 145
242, 144
243, 144
244, 144
245, 143
245, 143
246, 142
246, 142
247, 142
249, 141
251, 139
252, 139
255, 138
257, 137
260, 136
261, 135
264, 134
266, 134
268, 134
270, 133
273, 131
275, 131
277, 131
279, 131
282, 130
284, 128
286, 128
292, 127
297, 127
304, 126
311, 125
320, 123
327, 122
336, 122
346, 121
353, 120
362, 118
372, 117
379, 116
387, 115
394, 115
400, 115
406, 115
412, 115
419, 115
426, 115
433, 115
439, 115
446, 115
454, 115
461, 115
468, 115
474, 115
480, 115
486, 115
492, 115
499, 115
505, 115
512, 115
522, 115
529, 117
538, 118
546, 119
553, 119
557, 119
561, 119
564, 119
568, 119
571, 119
575, 119
579, 119
585, 119
590, 120
596, 122
604, 123
611, 124
619, 127
629, 128
636, 130
646, 133
651, 133
657, 134
661, 134
664, 135
666, 135
667, 135
668, 135
669, 135
671, 135
674, 135
677, 135
681, 135
685, 135
689, 135
694, 135
698, 135
702, 135
705, 135
706, 135
707, 135
709, 135
712, 134
713, 133
714, 133
715, 132
715, 131|True
714, 131
714, 131
713, 131
713, 131
711, 131
709, 132
704, 132
698, 132
690, 132
680, 132
670, 132
659, 132
647, 132
636, 132
627, 132
619, 132
612, 132
607, 132
603, 132
599, 132
596, 132
591, 132
586, 132
580, 132
574, 130
568, 129
560, 128
553, 127
546, 127
539, 125
533, 124
524, 123
516, 122
508, 120
500, 119
493, 118
482, 118
473, 116
466, 114
458, 114
451, 113
446, 111
443, 110
441, 110
439, 110
438, 110
437, 110
436, 110
435, 110
433, 110
430, 110
426, 110
422, 110
415, 108
411, 108
404, 107
398, 105
391, 104
385, 104
377, 103
368, 102
363, 100
354, 99
346, 98
338, 97
334, 97
328, 95
324, 94
321, 94
318, 94
316, 94
313, 93
311, 91
310, 91
309, 90
309, 90
308, 89
308, 88
306, 84
306, 81
304, 75
301, 69
297, 62
295, 56
291, 47
286, 40
284, 35
281, 32
279, 30
278, 27
277, 26
277, 25
277, 24
277, 23
276, 22
275, 19
274, 17
273, 17|True
280, 15
292, 15
308, 15
327, 15
360, 15
395, 15
435, 21
468, 25
503, 32
525, 33
546, 37
558, 37
566, 37
570, 37
572, 37
572, 37
573, 37
574, 36
576, 33
577, 29
579, 27
580, 23
581, 20
582, 18
583, 18
584, 18
585, 18
586, 18
588, 18
588, 18
589, 18
590, 18
591, 18
593, 18
594, 18
595, 18
595, 18|True
596, 20
600, 30
609, 43
620, 57
635, 79
651, 102
667, 124
682, 143
695, 163
709, 182
722, 201
731, 217
743, 236
754, 261
763, 284
777, 313
788, 338
799, 364
806, 384
814, 399
820, 416
826, 426
831, 435
833, 443
836, 446
838, 451
840, 456
841, 460
844, 466
848, 473
853, 480
857, 486
862, 493
864, 497
867, 500
869, 502
870, 502
872, 503
875, 506
880, 510
889, 517
895, 522
898, 527
903, 532
910, 537
916, 541
922, 545
926, 548
929, 550
931, 551
932, 553
933, 553
933, 554
934, 555
934, 555
934, 556
934, 559
937, 561
938, 562
938, 563
939, 564
940, 565
941, 565
941, 566
942, 567
943, 568
944, 569
945, 571
945, 572
947, 574
948, 575|True
948, 575
947, 575
947, 575
945, 575
943, 575
940, 575
935, 575
927, 575
920, 575
910, 574
900, 573
887, 570
873, 568
861, 564
849, 560
839, 558
830, 554
823, 552
813, 549
807, 548
799, 546
789, 543
779, 541
766, 536
752, 532
740, 530
728, 525
718, 522
711, 521
706, 519
700, 517
697, 515
691, 512
688, 512
682, 510
675, 506
667, 503
659, 499
651, 495
645, 492
636, 487
631, 484
624, 480
618, 476
611, 469
605, 465
595, 459
585, 452
573, 443
563, 436
550, 427
534, 416
522, 408
512, 400
504, 395
498, 390
493, 386
488, 383
486, 381
485, 380
481, 378
480, 376
478, 374
475, 372
471, 370
469, 368
464, 365
462, 362
460, 360
456, 356
454, 353
450, 349
444, 343
436, 336
430, 331
420, 322
410, 315
401, 308
388, 300
378, 292
367, 287
357, 281
346, 275
335, 268
326, 261
318, 255
310, 250
302, 244
297, 239
291, 234
285, 229
279, 224
273, 220
270, 218
267, 214
264, 212
261, 208
258, 206
256, 204
253, 201
249, 198
243, 194
241, 192
237, 190
236, 189
235, 188
234, 187
232, 186
229, 185
223, 184
218, 183
211, 182
205, 181
200, 181
198, 181
197, 180|True
197, 180
197, 178
198, 176
200, 172
202, 170
205, 166
208, 161
210, 159
214, 155
215, 154
217, 150
218, 149
219, 147
220, 146
220, 146
221, 144
222, 143
223, 141
224, 139
225, 137
227, 135
227, 133
228, 132
229, 130
229, 129
230, 129
230, 128
231, 127
232, 127
233, 126
233, 125
234, 125
235, 124
236, 124
238, 123
238, 123
240, 123
242, 122
245, 122
247, 122
250, 122
254, 122
259, 122
266, 122
273, 122
277, 122
282, 122
288, 122
292, 122
299, 122
302, 122
306, 122
310, 122
315, 122
321, 122
326, 122
334, 119
343, 118
353, 117
364, 117
377, 117
389, 117
402, 117
416, 119
428, 120
441, 121
456, 122
477, 126
494, 127
511, 128
526, 128
540, 128
551, 128
563, 128
573, 128
584, 131
594, 131
603, 132
610, 133
619, 133
625, 133
629, 133
631, 133
633, 133
634, 133
635, 133
636, 133
638, 133
639, 133
646, 133
650, 133
655, 133
661, 134
666, 135
675, 135
679, 136
683, 136
684, 136
686, 136
687, 136
689, 136
689, 136
690, 136
691, 136
692, 136
692, 136
693, 136
694, 135
695, 134
696, 133
697, 132
698, 132
700, 130
700, 130
701, 129
702, 128
702, 128
704, 127
704, 127
705, 127
705, 127
706, 126
707, 125
708, 125
708, 125
710, 124
712, 123
712, 122
713, 121
714, 120
715, 120
716, 119|True
715, 119
709, 119
701, 119
695, 119
685, 119
676, 119
666, 121
657, 121
648, 121
638, 121
629, 121
622, 121
614, 121
606, 121
603, 121
597, 121
591, 121
586, 121
579, 120
572, 118
562, 117
556, 116
546, 114
539, 114
531, 112
524, 111
516, 110
509, 109
500, 107
491, 106
486, 105
479, 104
472, 102
466, 101
462, 100
456, 100
452, 98
449, 98
445, 97
442, 97
440, 96
437, 95
434, 95
432, 94
429, 93
426, 92
422, 92
417, 90
412, 89
406, 87
401, 85
394, 83
391, 80
388, 80
383, 78
380, 76
377, 75
373, 72
371, 71
364, 68
361, 65
356, 62
353, 59
348, 56
346, 54
342, 52
340, 50
337, 48
333, 46
325, 43
317, 41
306, 38
298, 36
289, 34
281, 31
275, 29
269, 26
267, 25
266, 24
265, 24|True
265, 22
272, 22
282, 21
293, 21
306, 21
321, 21
339, 21
363, 21
385, 21
404, 21
424, 21
438, 21
454, 21
469, 21
481, 21
491, 21
502, 21
511, 21
517, 21
522, 21
524, 21
525, 21
525, 21
527, 20
531, 18
533, 18
537, 18
540, 18
543, 18
545, 17
547, 17
549, 17
553, 16
556, 16
559, 16
563, 14
566, 14
567, 14
570, 14
570, 14
571, 14
571, 14
572, 14
573, 14
574, 14
576, 14
576, 14
577, 14
577, 14
578, 14
579, 14
580, 14
582, 14
583, 15
584, 17
585, 17
586, 17
586, 17
587, 18|True
588, 20
590, 23
595, 30
600, 39
605, 50
612, 60
618, 72
626, 85
635, 99
642, 114
657, 138
667, 156
681, 181
695, 205
710, 231
723, 255
737, 279
753, 308
767, 332
776, 355
787, 380
795, 400
805, 421
811, 435
819, 453
825, 468
831, 480
837, 493
841, 507
846, 516
849, 523
851, 528
852, 532
854, 536
855, 538
856, 541
857, 544
858, 546
859, 550
860, 552
862, 555
863, 557
864, 559
865, 561
866, 563
868, 564
869, 567
870, 567
872, 568
876, 569
879, 571
881, 571
883, 571
886, 571
888, 571
890, 572
895, 572
903, 575
911, 577
919, 577
924, 578
929, 580
933, 581
937, 582
940, 582
943, 584
943, 584
944, 584
944, 584
945, 584|True
944, 584
937, 584
929, 584
918, 584
909, 584
897, 583
884, 579
875, 577
864, 573
854, 571
845, 568
839, 567
833, 566
828, 563
820, 563
811, 561
800, 557
792, 555
781, 552
770, 549
761, 545
750, 542
740, 540
733, 536
723, 533
718, 530
713, 527
705, 525
697, 522
689, 520
679, 517
671, 514
660, 511
650, 509
639, 505
634, 503
624, 499
618, 498
611, 494
604, 494
598, 491
594, 490
589, 488
586, 486
579, 484
573, 483
566, 480
561, 478
552, 474
545, 471
540, 469
532, 465
525, 461
521, 459
514, 454
507, 452
501, 448
495, 444
486, 438
480, 433
473, 428
465, 423
459, 417
453, 412
448, 407
443, 402
439, 398
434, 394
429, 389
424, 384
420, 378
413, 371
407, 363
402, 358
393, 348
387, 342
381, 336
372, 329
366, 324
359, 320
353, 316
349, 315
346, 311
342, 308
339, 305
334, 299
327, 290
318, 278
309, 268
297, 256
286, 244
278, 237
270, 231
263, 225
259, 221
254, 216
250, 211
246, 208
244, 204
242, 202
241, 200
240, 200
239, 199
238, 198
234, 196
233, 195
231, 193
229, 193
227, 191
225, 189
224, 187
223, 186
221, 184
221, 183
220, 183
219, 182
218, 181
218, 180
217, 180
216, 179
216, 179
216, 178|True
216, 176
219, 173
220, 170
224, 166
227, 161
229, 160
231, 158
233, 156
234, 155
235, 154
236, 153
237, 150
238, 149
239, 148
242, 146
245, 142
247, 141
252, 138
254, 136
257, 134
259, 132
260, 131
261, 131
261, 130
262, 130
264, 129
265, 128
266, 127
266, 127
267, 126
269, 125
271, 125
275, 124
279, 124
282, 123
289, 122
296, 122
304, 122
313, 122
324, 122
335, 122
345, 122
357, 122
368, 122
378, 122
389, 122
400, 122
409, 122
420, 122
430, 122
441, 122
453, 122
463, 122
477, 122
487, 122
499, 122
511, 122
522, 122
535, 122
549, 125
563, 127
579, 130
596, 131
609, 132
624, 136
638, 136
650, 136
659, 136
667, 136
674, 136
678, 136
681, 136
684, 136
684, 136
687, 136
688, 136
690, 136
690, 136
691, 136
691, 136
692, 136
694, 136
696, 136
698, 136
701, 136
703, 136
705, 136
707, 136
708, 136
708, 136
709, 135
710, 135
710, 135
711, 134
711, 134
712, 133
714, 132
715, 131
716, 130
716, 130
717, 129
717, 129
717, 128
717, 127
717, 127|True
717, 126
715, 127
711, 133
707, 138
704, 143
700, 147
695, 150
690, 153
684, 157
678, 159
672, 162
668, 164
661, 166
655, 167
648, 169
640, 171
630, 172
618, 173
606, 174
593, 177
578, 177
564, 177
551, 177
536, 177
524, 177
514, 177
502, 177
491, 177
480, 175
471, 174
465, 174
456, 172
446, 171
438, 169
427, 168
419, 166
408, 165
401, 164
394, 162
387, 160
383, 159
379, 157
376, 157
375, 156
374, 155
372, 155
370, 153
369, 152
367, 150
365, 149
364, 148
361, 146
360, 144
355, 141
353, 137
350, 134
348, 130
346, 128
344, 124
342, 120
340, 117
338, 112
335, 107
334, 103
331, 96
330, 93
326, 87
325, 85
324, 82
321, 78
320, 77
320, 74
318, 72
317, 69
316, 67
314, 64
314, 61
313, 58
310, 54
309, 52
309, 50
308, 48
308, 47
307, 46
306, 44
306, 43
306, 42
305, 40
304, 38
304, 36
303, 35
303, 35
302, 33
301, 31
301, 30
301, 30
300, 28
299, 27
299, 26
299, 26
299, 25
299, 24
298, 24
298, 23
297, 22
297, 21
296, 20|True
296, 18
302, 17
313, 17
326, 17
341, 17
355, 17
371, 17
388, 17
404, 17
418, 17
429, 17
440, 17
448, 17
455, 17
462, 17
468, 17
474, 16
479, 15
488, 15
494, 15
502, 15
508, 15
513, 15
519, 15
525, 15
527, 15
531, 15
534, 15
537, 15
539, 15
541, 15
544, 15
546, 15
550, 15
554, 15
558, 15
562, 15
565, 15
568, 15
571, 15
573, 15
573, 15
575, 15
576, 15
579, 15
582, 16
582, 16
583, 16
583, 16
585, 16
586, 16
586, 16
588, 16|True
589, 17
589, 20
593, 29
595, 37
600, 47
606, 60
613, 72
624, 89
634, 109
646, 131
658, 152
673, 176
685, 197
699, 221
713, 243
726, 266
739, 286
756, 310
764, 324
776, 342
783, 358
790, 371
799, 384
806, 395
811, 405
817, 415
822, 425
826, 432
829, 438
833, 445
836, 449
839, 455
842, 458
843, 463
846, 469
849, 473
853, 478
857, 482
857, 485
860, 488
861, 490
861, 490
863, 491
863, 492
864, 493
868, 496
874, 500
880, 505
886, 510
892, 515
897, 520
902, 525
907, 530
909, 532
914, 535
917, 539
921, 541
922, 543
926, 546
929, 550
933, 556
939, 563
943, 569
948, 576
954, 583
958, 587
960, 591
963, 592|True
962, 592
960, 592
956, 592
954, 592
950, 592
941, 590
935, 588
924, 587
911, 584
897, 579
878, 575
864, 570
847, 565
830, 559
816, 554
801, 548
789, 544
777, 540
766, 537
755, 535
744, 530
733, 528
722, 525
711, 523
700, 518
689, 515
680, 513
670, 508
660, 505
652, 502
645, 498
639, 496
630, 492
623, 489
615, 485
608, 481
597, 476
587, 471
576, 465
566, 459
553, 452
539, 442
528, 434
513, 426
496, 413
482, 403
468, 392
458, 384
446, 371
428, 357
411, 343
399, 331
381, 317
369, 306
360, 299
353, 294
347, 290
345, 289
341, 286
339, 285
338, 283
336, 282
334, 280
333, 278
331, 275
328, 271
324, 267
322, 264
321, 263
317, 258
316, 257
313, 255
312, 253
310, 251
309, 250
309, 250
307, 249
305, 246
303, 244
301, 243
297, 238
289, 231
283, 227
277, 222
269, 216
263, 212
257, 209
252, 207
248, 205
245, 203
244, 202
243, 201
241, 200
240, 200
239, 200
238, 199
235, 197
233, 196
231, 194
230, 193
229, 192
228, 192
226, 191
226, 190
224, 189
223, 188
222, 188
220, 186
220, 185
218, 183
217, 183|True
217, 181
217, 179
217, 177
217, 174
217, 173
217, 171
217, 170
217, 167
217, 167
217, 166
217, 165
217, 164
217, 163
217, 160
217, 159
217, 157
217, 154
217, 152
217, 151
217, 150
217, 149
217, 149
217, 148
217, 147
217, 147
217, 145
218, 143
218, 143
218, 141
218, 140
218, 138
218, 138
218, 137
218, 137
218, 135
218, 135
219, 134
219, 134
219, 132
219, 131
220, 130
221, 130
223, 129
223, 128
224, 127
226, 127
226, 127
227, 127
231, 127
236, 127
242, 127
249, 125
260, 124
272, 124
284, 124
297, 124
309, 124
320, 124
330, 124
340, 124
346, 124
352, 124
354, 124
356, 124
357, 124
357, 124
358, 124
360, 124
363, 123
365, 123
371, 123
375, 123
381, 123
387, 123
397, 123
407, 123
416, 124
424, 125
435, 127
445, 127
456, 129
469, 129
481, 129
493, 129
504, 130
516, 130
526, 130
537, 130
549, 130
558, 130
568, 130
574, 130
581, 130
585, 130
588, 130
590, 130
592, 130
594, 130
596, 130
597, 130
601, 130
604, 130
608, 130
611, 130
615, 130
619, 130
623, 130
626, 130
628, 130
631, 130
634, 130
636, 130
639, 130
639, 130
641, 130
641, 130
642, 130
642, 130
643, 130
645, 130
648, 130
651, 130
653, 130
655, 130
658, 130
659, 130
661, 130
662, 130
664, 130
667, 130
670, 130
674, 128
679, 127
682, 126
685, 126
687, 126
689, 125
690, 125
692, 125
692, 125
693, 125
693, 125
697, 125
699, 125
702, 125
703, 125
704, 125
705, 125
706, 125
706, 125
707, 125
709, 125
709, 125
710, 125
711, 125
712, 125
712, 125
713, 124|True
712, 124
702, 124
693, 128
679, 132
671, 134
658, 139
647, 141
637, 143
625, 144
614, 146
604, 146
595, 149
584, 149
579, 149
573, 149
565, 149
560, 149
556, 149
553, 149
548, 150
544, 151
537, 153
533, 153
529, 153
522, 153
517, 153
513, 153
507, 153
502, 153
498, 153
495, 153
493, 153
488, 153
485, 153
481, 153
474, 153
465, 153
454, 153
445, 153
435, 151
425, 148
413, 146
404, 142
395, 140
388, 138
381, 136
374, 133
371, 132
367, 131
362, 127
357, 123
351, 118
347, 113
341, 107
334, 99
330, 92
325, 86
322, 81
320, 78
319, 73
317, 71
317, 67
317, 65
317, 61
316, 59
316, 58
316, 55
315, 55
315, 54
315, 53
314, 52
314, 51
313, 48
313, 48
313, 47
312, 44
310, 42
310, 41
310, 39
310, 37
309, 34
309, 32
308, 30
308, 28
308, 25
307, 23
307, 21
307, 21|True
310, 20
322, 20
337, 20
357, 20
376, 20
401, 20
428, 20
461, 20
482, 20
507, 20
520, 20
532, 20
541, 20
546, 20
549, 19
549, 19
550, 19
551, 19
552, 18
554, 17
554, 17
556, 15
558, 15
563, 14
566, 13
570, 13
574, 12
580, 10
581, 9
584, 9
585, 8
586, 8
587, 8
588, 8
591, 8
593, 8
594, 8
594, 8
595, 8
595, 8
595, 8
595, 9
595, 10
594, 11
594, 11
593, 12|True
593, 13
596, 18
606, 27
617, 36
632, 50
651, 71
671, 93
688, 114
703, 133
720, 160
735, 187
746, 212
761, 241
771, 267
784, 295
796, 321
804, 348
811, 368
816, 384
821, 401
826, 415
828, 426
832, 437
833, 445
836, 451
837, 455
838, 459
839, 463
840, 469
842, 473
845, 479
848, 487
851, 492
853, 497
855, 502
857, 506
861, 512
862, 516
865, 521
866, 527
870, 533
871, 537
874, 543
876, 549
881, 555
885, 559
889, 565
892, 569
894, 571
898, 573
900, 575
902, 575
905, 575
906, 575
910, 576
911, 577
912, 577
913, 577
915, 577
917, 578
920, 580
922, 581
926, 583
929, 585
935, 589
938, 591
940, 591
942, 592
943, 592
943, 592
944, 592
945, 592
945, 591
945, 591
945, 590
947, 585
948, 584
948, 583
949, 580|True
949, 579
946, 579
943, 579
938, 579
930, 580
923, 580
915, 580
906, 580
895, 580
884, 580
876, 580
863, 580
851, 580
838, 580
825, 580
809, 578
789, 575
765, 571
745, 569
727, 565
708, 560
695, 557
682, 552
669, 550
662, 546
653, 542
642, 540
633, 537
625, 535
618, 532
611, 530
606, 527
600, 524
593, 520
588, 517
582, 514
575, 510
569, 508
562, 505
556, 502
552, 500
545, 497
540, 496
534, 493
532, 492
528, 490
525, 489
520, 487
517, 486
515, 484
513, 484
509, 482
505, 480
499, 478
494, 476
489, 474
482, 471
477, 469
471, 466
467, 464
461, 461
456, 459
450, 456
447, 455
438, 450
430, 445
421, 441
413, 434
404, 429
394, 423
384, 418
376, 413
368, 407
360, 402
355, 400
349, 396
343, 393
337, 388
333, 385
328, 382
326, 379
321, 374
318, 372
317, 369
314, 365
312, 361
308, 356
306, 351
303, 348
298, 342
293, 337
289, 332
283, 324
280, 321
275, 316
271, 311
269, 308
266, 303
264, 300
262, 295
260, 291
257, 286
255, 281
252, 276
251, 272
248, 268
246, 265
245, 262
243, 260
241, 256
240, 254
239, 252
237, 250
236, 248
236, 247
236, 244
235, 244
234, 240
234, 239
233, 237
233, 237
232, 235
232, 234
231, 231
231, 228
230, 226
229, 224
229, 223
229, 220
228, 219
227, 216
226, 214
226, 213
226, 209
226, 207
226, 204
225, 201
225, 198
224, 195
222, 192
222, 191
222, 189
221, 186
220, 186
219, 184
219, 184
218, 183
217, 183
217, 182
216, 182
216, 181
215, 180
215, 180
214, 180
213, 179
213, 179|True
213, 178
213, 177
213, 174
215, 170
218, 166
219, 164
221, 160
223, 158
223, 156
225, 153
225, 153
226, 151
226, 150
227, 150
227, 148
228, 146
229, 144
230, 143
230, 141
232, 138
233, 137
233, 136
234, 136
234, 135
235, 135
235, 134
236, 133
238, 131
239, 130
241, 129
243, 128
246, 126
248, 126
253, 125
255, 123
259, 122
262, 122
265, 122
269, 121
273, 121
279, 121
284, 121
292, 121
300, 121
308, 121
315, 121
322, 121
327, 121
335, 121
341, 121
345, 121
350, 121
356, 121
364, 121
369, 121
375, 121
383, 121
389, 121
397, 121
404, 121
412, 121
419, 121
428, 121
437, 121
448, 121
459, 121
468, 121
480, 121
491, 121
503, 121
513, 121
524, 121
533, 121
542, 121
550, 121
560, 121
568, 121
574, 121
581, 121
588, 121
593, 121
601, 121
608, 121
616, 121
623, 121
628, 121
635, 121
640, 121
645, 121
648, 121
650, 121
652, 121
653, 121
656, 121
658, 121
660, 121
663, 121
666, 121
669, 121
672, 121
676, 121
678, 121
681, 121
682, 121
684, 121
685, 121
688, 121
689, 121
692, 121
693, 121
695, 121
697, 121
698, 121
699, 121
700, 121
701, 119
702, 119
703, 118
704, 118
705, 118
705, 118
706, 117
706, 116|True
708, 116
708, 116
708, 118
704, 121
701, 126
697, 130
694, 132
690, 135
689, 136
686, 138
682, 141
680, 142
677, 144
672, 146
666, 147
659, 152
651, 155
641, 157
630, 158
618, 160
608, 161
597, 162
586, 165
578, 165
568, 168
559, 168
550, 168
543, 168
535, 168
527, 168
519, 168
510, 168
500, 168
491, 168
480, 168
470, 168
459, 168
451, 167
441, 165
434, 165
427, 164
420, 162
415, 160
408, 159
401, 156
394, 154
385, 151
381, 150
375, 147
370, 145
366, 142
365, 142
363, 140
360, 138
358, 135
354, 133
349, 129
341, 124
332, 118
324, 114
315, 109
306, 103
300, 97
295, 93
292, 90
290, 87
290, 85
289, 85
288, 84
288, 83
288, 81
288, 81
288, 79
288, 76
288, 75
288, 71
288, 69
288, 66
288, 62
288, 60
288, 59
288, 56
288, 54
288, 52
289, 49
290, 46
290, 45
292, 43
293, 41
293, 39
294, 38
294, 37
294, 36
294, 36
295, 34
295, 34|True
297, 31
301, 26
304, 23
304, 22
305, 21
306, 21
306, 19
307, 18|True
308, 18
311, 18
316, 18
323, 18
331, 20
341, 22
350, 23
358, 24
366, 24
374, 24
381, 26
388, 26
395, 26
400, 26
406, 26
412, 26
419, 27
425, 27
429, 27
435, 28
439, 28
443, 30
446, 30
452, 30
458, 31
463, 31
472, 32
478, 33
487, 35
494, 36
499, 36
506, 36
511, 36
517, 36
522, 36
526, 36
530, 36
534, 36
537, 36
541, 36
544, 36
547, 36
549, 36
551, 36
552, 36
554, 36
555, 36
556, 36
557, 36
559, 35
559, 35
561, 35
562, 35
564, 34
565, 33
566, 33
568, 33
568, 33
569, 32
570, 32
570, 32
572, 30
574, 30
575, 29
575, 28
577, 28
578, 27
578, 26
579, 25
579, 24
580, 23
581, 23
581, 22
581, 22
582, 21
583, 21
584, 20
584, 20
585, 19
585, 19
585, 18
586, 18
586, 17
587, 17
588, 17
589, 17|True
589, 17
592, 17
595, 23
603, 31
609, 41
617, 50
628, 58
640, 67
652, 77
668, 89
685, 102
705, 115
719, 125
734, 139
749, 153
762, 166
771, 177
779, 187
787, 199
791, 210
796, 219
803, 229
809, 239
813, 249
820, 262
826, 273
832, 284
838, 295
844, 306
849, 317
855, 331
860, 343
866, 354
870, 365
873, 374
879, 385
882, 394
886, 404
892, 416
895, 428
899, 440
901, 452
906, 468
906, 480
909, 492
910, 504
911, 514
911, 521
911, 527
911, 533
911, 537
911, 542
911, 546
911, 550
911, 557
911, 561
911, 563
912, 567
912, 567
912, 568
914, 571
915, 575
918, 582
921, 588
926, 594
930, 597
933, 598
933, 598
935, 598
937, 598
939, 598
942, 598
944, 598
948, 596
952, 594
955, 593
957, 591
958, 590
960, 588
960, 588|True
958, 587
943, 587
930, 587
912, 587
890, 587
866, 587
851, 586
830, 583
815, 581
801, 579
789, 578
780, 576
772, 575
763, 574
754, 570
747, 568
738, 565
730, 563
721, 562
712, 560
704, 559
695, 558
687, 557
680, 555
671, 554
662, 552
653, 549
644, 546
634, 542
625, 537
614, 531
605, 526
595, 519
586, 513
576, 505
570, 500
562, 493
555, 487
549, 481
540, 472
530, 462
520, 452
504, 439
492, 428
474, 409
461, 397
448, 386
438, 377
428, 367
422, 361
416, 356
411, 351
406, 345
402, 340
398, 336
392, 328
388, 323
382, 317
377, 311
373, 306
369, 301
367, 298
363, 294
360, 288
358, 286
354, 283
351, 279
347, 274
343, 272
338, 269
335, 266
330, 262
328, 261
324, 257
324, 257
321, 255
320, 254
318, 253
316, 251
314, 250
313, 249
312, 249
310, 247
309, 246
307, 244
304, 242
302, 240
301, 239
300, 239
300, 238
299, 236
298, 234
298, 233
296, 232
293, 230
292, 229
292, 228
290, 226
289, 224
288, 223
287, 221
286, 218
284, 216
280, 213
275, 210
269, 207
262, 204
251, 200
242, 195
231, 190
223, 187
214, 183
208, 179
202, 175
199, 174
199, 174|True
199, 172
199, 169
200, 167
201, 165
203, 163
204, 161
204, 160
206, 159
206, 157
207, 156
208, 155
210, 152
211, 150
213, 149
214, 147
215, 146
216, 144
219, 142
222, 139
226, 137
230, 133
236, 131
240, 129
244, 127
249, 123
252, 122
255, 120
257, 120
259, 120
259, 119
261, 119
262, 119
263, 119
265, 119
268, 117
270, 116
271, 116
274, 116
277, 116
279, 116
281, 116
282, 116
284, 116
285, 116
288, 116
291, 116
294, 116
297, 116
301, 116
304, 116
308, 116
312, 116
315, 116
319, 116
324, 116
328, 116
333, 116
340, 116
348, 116
356, 116
363, 116
371, 116
380, 116
387, 116
395, 116
401, 116
409, 116
416, 116
427, 116
437, 116
448, 116
459, 116
471, 116
481, 116
494, 116
505, 116
513, 116
524, 116
532, 116
538, 116
543, 116
549, 116
553, 116
556, 116
558, 116
561, 116
562, 116
564, 116
566, 116
569, 116
574, 116
580, 116
585, 116
591, 116
599, 116
606, 117
611, 118
617, 118
621, 118
624, 118
626, 119
627, 119
628, 119
629, 119
630, 119
631, 119
633, 119
634, 119
637, 119
640, 119
642, 119
645, 119
648, 119
649, 119
650, 119
651, 119
654, 119
654, 119
655, 119
658, 119
661, 119
665, 119
667, 119
671, 119
675, 119
679, 119
682, 119
684, 119
685, 119
686, 119
687, 119
688, 119
689, 119
691, 119
692, 119
693, 119
694, 119
695, 119
697, 119
697, 119
698, 119
698, 119
699, 119
700, 119
701, 119
701, 119
702, 119
702, 118
703, 118
703, 117
705, 117
706, 117
706, 117
708, 116
708, 116|True
708, 117
705, 118
702, 121
701, 122
698, 124
695, 126
693, 128
688, 131
685, 133
680, 136
676, 137
671, 139
669, 140
665, 141
661, 142
656, 143
649, 144
640, 145
630, 147
622, 149
613, 150
603, 151
594, 151
583, 151
575, 151
567, 151
561, 151
553, 151
548, 151
544, 151
540, 151
537, 151
535, 151
532, 151
528, 151
524, 151
518, 151
514, 151
508, 151
502, 151
497, 151
493, 151
487, 151
480, 151
476, 151
471, 151
466, 151
461, 151
456, 150
450, 149
444, 148
440, 147
438, 146
434, 145
431, 144
428, 143
425, 142
422, 141
420, 141
417, 140
416, 139
413, 139
411, 138
408, 137
406, 137
404, 137
401, 136
399, 136
397, 136
394, 136
391, 136
388, 134
388, 134
387, 134
387, 134
386, 134
385, 134
384, 134
382, 134
381, 134
378, 134
377, 133
375, 133
373, 133
373, 133
371, 133
371, 133
370, 133
370, 132
369, 132
366, 132
362, 132
359, 132
357, 132
355, 132
353, 132
350, 132
348, 132
345, 132
342, 132
338, 132
335, 134
332, 134
327, 135
324, 135
321, 135
317, 136
311, 138
307, 140
301, 142
295, 145
289, 148
281, 151
274, 154
265, 158
257, 161
249, 164
240, 169
228, 174
217, 179
207, 183
194, 191
183, 198
174, 205
164, 212
157, 220
149, 226
143, 234
138, 240
132, 248
127, 257
124, 263
120, 271
116, 279
114, 284
109, 294
106, 303
105, 312
104, 321
104, 331
104, 339
104, 348
104, 356
104, 367
106, 376
108, 387
112, 397
116, 409
118, 418
121, 428
125, 437
133, 450
144, 462
153, 471
168, 484
190, 500
215, 516
245, 535
277, 555
309, 573
335, 588
357, 603
381, 618
402, 628
418, 639
432, 648
446, 656
459, 663
474, 673
487, 678
505, 685
522, 691
542, 698
564, 706
591, 712
620, 720
647, 727
680, 735
705, 738
737, 743
766, 750
800, 755
834, 760
868, 763
910, 767
945, 769
983, 769
1013, 769
1052, 772
1083, 772
1105, 764
1133, 753
1159, 741
1184, 732
1210, 719
1233, 708
1254, 696
1276, 684
1299, 673
1316, 658
1333, 648
1347, 636
1359, 625
1367, 615
1373, 605
1376, 594
1380, 583
1381, 572
1381, 561
1384, 552
1384, 545
1384, 537
1382, 529
1378, 518
1372, 505
1367, 493
1360, 480
1345, 461
1330, 443
1313, 429
1299, 419
1275, 404
1260, 398
1229, 386
1204, 377
1177, 370
1145, 364
1114, 359
1078, 355
1043, 348
1006, 343
967, 338
928, 332
894, 327
860, 322
831, 317
804, 313
781, 308
758, 305
742, 303
724, 300
712, 299
699, 297
687, 297
676, 297
664, 297
651, 297
639, 297
626, 295
614, 294
603, 292
593, 289
583, 287
573, 285
567, 283
558, 280
550, 280
539, 276
530, 275
520, 274
510, 270
500, 267
489, 264
481, 258
471, 253
464, 249
455, 242
448, 237
442, 232
437, 228
432, 223
428, 221
425, 217
420, 212
417, 209
413, 203
410, 198
405, 191
401, 185
398, 181
395, 176
392, 173
391, 169
387, 165
384, 161
381, 157
377, 152
372, 144
370, 141
367, 137
364, 134
363, 131
360, 128
360, 127
359, 126
358, 124
356, 122
355, 119
354, 117
353, 114
352, 111
349, 107
345, 101
342, 96
338, 92
336, 89
334, 87
332, 83
330, 82
330, 80
327, 78
327, 75
326, 73
324, 71
323, 68
320, 63
319, 61
319, 59
318, 57
318, 56
316, 54
316, 54
316, 53
316, 53
316, 51
315, 49
314, 46
313, 43
312, 40
311, 35
310, 33
310, 30
310, 27
309, 25
309, 24
309, 23
309, 23|True
309, 22
315, 22
325, 22
337, 22
349, 22
366, 20
387, 17
406, 16
439, 16
481, 12
519, 12
557, 12
587, 12
616, 12
641, 12
658, 12
668, 12
675, 12
680, 12
682, 12
682, 12
677, 13
671, 16
663, 18
656, 20
648, 21
644, 22
640, 22
637, 22
633, 22
630, 22
626, 22
622, 22
618, 22
613, 22
610, 22
607, 22
605, 22
603, 22
603, 22
602, 22
601, 22
600, 22
600, 22
599, 22
598, 22
598, 22
596, 22|True
596, 27
599, 38
606, 54
612, 66
618, 81
625, 96
631, 108
637, 119
641, 129
645, 140
652, 151
657, 161
664, 174
671, 184
678, 196
688, 211
700, 229
710, 243
723, 263
735, 281
745, 295
758, 312
766, 324
772, 335
779, 347
786, 360
793, 373
803, 389
815, 410
826, 429
839, 453
850, 472
860, 490
869, 500
875, 509
880, 515
882, 517
884, 519
887, 523
889, 527
893, 533
896, 539
901, 545
906, 552
911, 559
917, 564
923, 568
928, 571
931, 573
935, 575
936, 576
937, 577
937, 577
938, 578
938, 578
940, 580
943, 585
946, 590
947, 594
949, 598
950, 601
952, 604
953, 605
953, 605
953, 602
953, 598
953, 595
953, 594
953, 592|True
951, 591
937, 592
923, 592
905, 592
875, 592
849, 591
821, 588
791, 580
762, 573
735, 565
707, 557
683, 549
661, 544
637, 539
615, 532
587, 520
564, 509
539, 500
512, 487
499, 478
485, 468
475, 460
464, 454
455, 446
447, 439
436, 430
427, 423
418, 415
407, 406
397, 396
387, 388
377, 379
368, 369
360, 360
351, 351
346, 345
341, 338
338, 333
335, 330
333, 327
332, 324
330, 320
325, 315
320, 307
315, 301
312, 295
305, 290
301, 286
298, 283
295, 281
294, 281
293, 279
292, 278
292, 277
292, 277
291, 275
291, 274
288, 269
287, 267
284, 263
279, 257
274, 252
266, 244
259, 239
251, 232
244, 227
238, 223
233, 219
231, 216
229, 214
229, 211
229, 209
229, 207
229, 203
228, 199
227, 193
225, 190
224, 187
224, 185
223, 183
223, 183|True
223, 179
223, 176
225, 172
225, 170
227, 167
228, 164
228, 164
229, 162
230, 161
230, 160
232, 158
232, 158
233, 156
236, 153
240, 149
243, 146
247, 144
253, 140
258, 136
262, 134
267, 131
269, 130
273, 127
276, 126
279, 126
279, 125
280, 125
283, 125
289, 125
297, 125
306, 125
317, 125
329, 125
342, 125
358, 125
377, 125
396, 125
416, 125
434, 127
446, 130
458, 131
469, 132
478, 133
488, 135
495, 135
504, 135
513, 135
523, 135
532, 135
541, 135
552, 135
564, 135
573, 135
585, 135
594, 135
602, 135
609, 135
616, 136
622, 136
626, 136
630, 136
634, 136
638, 136
641, 136
643, 136
646, 136
647, 136
649, 136
649, 136
650, 136
651, 136
652, 136
653, 136
655, 135
656, 135
658, 134
661, 134
663, 133
665, 132
667, 132
669, 131
670, 131
672, 131
673, 131
675, 129
678, 129
682, 128
689, 125
693, 125
699, 124
704, 124
710, 123
714, 123
717, 123
719, 123
719, 123
720, 123
721, 122
722, 122|True
721, 122
719, 123
718, 125
715, 126
712, 128
711, 129
707, 130
704, 132
702, 133
699, 135
697, 136
693, 139
689, 141
684, 145
678, 149
672, 153
666, 157
657, 163
650, 168
643, 174
635, 180
628, 186
620, 192
613, 197
606, 202
600, 207
591, 214
585, 220
576, 228
569, 236
561, 246
555, 255
547, 266
538, 278
531, 289
523, 302
516, 313
509, 326
503, 341
498, 353
490, 367
485, 380
479, 396
472, 413
465, 430
460, 449
451, 472
445, 494
442, 512
438, 535
435, 559
431, 582
431, 607
431, 631
431, 659
432, 679
442, 702
455, 723
469, 734
489, 741
511, 747
530, 747
549, 747
570, 743
591, 735
607, 724
622, 704
629, 684
634, 655
634, 620
634, 574
629, 524
614, 478
601, 434
584, 395
568, 366
552, 339
537, 320
519, 297
503, 282
480, 260
463, 246
452, 238
438, 228
430, 222
420, 215
407, 207
388, 197
370, 187
351, 176
326, 166
298, 155
272, 143
247, 132
226, 123
215, 116
205, 110
199, 107
197, 105
195, 103
192, 100
192, 98
191, 95
191, 92
190, 90
189, 87
189, 84
189, 82
189, 78
189, 75
189, 71
189, 67
189, 62
189, 59
189, 56
189, 53
189, 51
189, 48
189, 47
190, 46
190, 44
192, 41
193, 40
195, 37
197, 33
198, 32
200, 28
201, 28
201, 27
202, 26
203, 26
203, 25
204, 24
204, 23
205, 23
206, 23
208, 21
208, 20
210, 18
210, 18
211, 17
212, 17
212, 17
213, 16
213, 16
214, 15
214, 15
215, 15|True
220, 15
237, 15
261, 20
286, 23
318, 28
352, 33
383, 38
417, 43
448, 46
475, 51
500, 52
514, 52
529, 52
538, 52
548, 52
556, 52
560, 52
564, 52
565, 52
567, 52
567, 51
569, 51
569, 50
570, 50
572, 49
572, 49
573, 48
576, 48
578, 47
580, 46
581, 46
582, 45
583, 45
583, 44
584, 44
584, 44
585, 44
586, 44
587, 43
588, 43
588, 42
590, 41
590, 41
591, 40
591, 40
592, 39
593, 38
593, 37
594, 37
594, 36
595, 35
595, 34
595, 34
595, 33
596, 32
596, 31
596, 31
596, 30
596, 30
596, 28
596, 27
596, 26
596, 25
596, 24
596, 23
595, 22
595, 21
594, 20|True
594, 20
594, 24
594, 29
595, 36
597, 40
601, 49
607, 57
612, 67
620, 80
631, 94
644, 113
658, 137
670, 159
685, 183
700, 209
712, 230
725, 254
738, 276
751, 299
768, 326
786, 351
807, 379
825, 404
841, 426
857, 448
869, 465
877, 473
885, 483
890, 492
896, 501
902, 509
907, 518
913, 529
918, 539
925, 550
932, 563
941, 574
948, 583
954, 592
957, 595
960, 600
960, 600
961, 602
961, 602
962, 603
963, 603
963, 603
965, 602
965, 600
967, 599
967, 597
967, 595
967, 595
967, 593
967, 593
967, 592
967, 592
967, 591
967, 589
967, 587
967, 586
967, 585|True
964, 585
954, 585
943, 580
930, 576
915, 571
899, 563
876, 554
858, 543
834, 530
810, 516
786, 503
762, 487
742, 471
718, 455
704, 445
682, 429
667, 417
653, 407
639, 398
626, 391
613, 383
602, 377
591, 370
582, 365
574, 361
565, 355
558, 351
549, 347
543, 342
533, 336
525, 332
516, 327
506, 321
496, 316
487, 310
478, 306
468, 301
456, 294
446, 288
436, 283
429, 280
420, 276
414, 272
410, 269
404, 265
400, 263
398, 262
396, 260
393, 259
388, 258
382, 255
377, 254
368, 249
358, 245
351, 242
344, 239
338, 235
333, 232
330, 229
326, 227
323, 224
320, 222
314, 218
310, 216
306, 214
303, 213
301, 212
299, 211
297, 210
295, 208
292, 207
290, 205
287, 204
285, 202
282, 201
280, 200
278, 198
277, 198
275, 196
275, 196
274, 195
273, 194
272, 193
269, 192
267, 191
265, 190
262, 188
257, 187
253, 186
249, 185
247, 184
245, 183
245, 183
241, 183
238, 182
235, 180
231, 178
230, 178
228, 178
227, 177
227, 177
226, 176|True
226, 176
226, 174
226, 173
226, 172
227, 171
228, 170
228, 168
230, 165
231, 163
231, 162
231, 161
232, 159
232, 159
233, 157
233, 157
233, 156
234, 154
235, 154
235, 153
235, 153
236, 151
236, 150
237, 148
238, 147
238, 146
240, 144
242, 142
244, 140
246, 139
248, 138
251, 136
256, 135
258, 134
261, 132
264, 132
267, 132
271, 131
277, 131
281, 131
287, 131
295, 131
305, 131
317, 131
329, 131
339, 131
352, 131
363, 131
372, 131
382, 131
390, 131
396, 131
403, 131
409, 131
414, 131
421, 131
429, 131
438, 131
447, 131
455, 131
466, 131
477, 131
487, 131
497, 131
507, 131
517, 131
523, 131
533, 131
542, 131
553, 131
562, 131
573, 131
581, 131
590, 131
598, 131
603, 131
609, 131
612, 131
616, 131
617, 131
619, 131
620, 131
623, 131
626, 131
627, 131
630, 131
631, 131
633, 131
635, 131
637, 131
637, 131
639, 131
641, 130
643, 130
647, 130
649, 129
651, 129
653, 129
655, 129
658, 128
659, 128
660, 127
661, 127
661, 127
663, 127
665, 126
665, 126
667, 125
668, 125
669, 124
672, 124
674, 124
676, 123
677, 122
678, 122
679, 122
681, 122
682, 121
683, 121
685, 121
686, 121
688, 120
688, 120
689, 120
691, 120
692, 120
694, 120
694, 120
695, 120
698, 120
699, 120
702, 121
704, 122
706, 122
709, 123
711, 125
713, 125
714, 125
715, 125|True
716, 125
722, 125
732, 126
742, 127
758, 131
772, 136
788, 139
805, 145
819, 149
833, 154
844, 156
852, 159
859, 161
865, 164
870, 166
875, 169
881, 171
887, 175
893, 179
900, 182
908, 187
915, 193
924, 197
930, 201
934, 203
939, 206
943, 208
947, 211
950, 213
952, 214
952, 216
955, 218
956, 221
960, 224
960, 225
963, 229
963, 229
964, 230
964, 231
964, 232
964, 234
964, 237
964, 240
966, 244
968, 246
970, 250
973, 253
978, 258
983, 263
988, 268
994, 274
999, 280
1003, 287
1007, 293
1012, 302
1016, 309
1020, 319
1022, 330
1025, 341
1029, 350
1032, 361
1035, 372
1040, 382
1042, 390
1044, 399
1044, 405
1045, 410
1045, 416
1045, 420
1045, 426
1041, 433
1035, 442
1028, 451
1019, 460
1009, 471
995, 483
981, 492
960, 504
942, 514
919, 523
893, 534
866, 544
834, 550
802, 555
770, 562
736, 567
705, 570
674, 575
640, 579
606, 586
575, 589
543, 594
517, 597
491, 602
468, 604
448, 607
424, 610
405, 611
380, 611
355, 611
334, 611
312, 611
297, 611
284, 611
270, 609
262, 607
251, 603
240, 599
230, 594
219, 589
208, 582
197, 576
187, 568
173, 556
164, 546
153, 532
144, 516
137, 503
129, 488
124, 474
122, 458
119, 445
118, 432
116, 419
116, 406
116, 396
116, 384
117, 370
120, 358
122, 345
127, 331
132, 314
134, 296
139, 280
143, 264
147, 250
151, 239
156, 224
160, 214
166, 205
172, 196
177, 189
181, 184
187, 179
192, 175
197, 172
200, 169
202, 168
204, 165
206, 163
208, 161
210, 159
213, 156
214, 154
218, 150
220, 146
222, 143
224, 141
226, 139
228, 134
230, 132
233, 128
235, 125
238, 119
239, 116
243, 111
246, 106
249, 102
252, 97
255, 93
257, 89
259, 85
261, 81
264, 76
266, 73
268, 68
269, 65
271, 64
272, 61
273, 60
273, 59
273, 58
274, 58
275, 56
276, 55
277, 54
277, 53
279, 51
280, 50
281, 47
282, 47
283, 46
287, 44
288, 42
289, 42
292, 40
293, 39
294, 39
296, 38
297, 37
298, 36
299, 36
300, 35
301, 35
302, 33
303, 33
304, 33
305, 32
305, 32
306, 32
307, 31
308, 31
310, 29
310, 28
310, 27
311, 27
312, 26
313, 25|True
316, 24
328, 24
341, 24
354, 24
373, 24
389, 24
411, 24
428, 24
452, 24
471, 24
488, 24
500, 23
511, 22
518, 19
520, 18
521, 18
522, 18
523, 18
525, 18
528, 18
533, 17
537, 17
543, 17
547, 17
551, 17
554, 17
558, 18
560, 19
563, 19
566, 20
567, 20
570, 20
573, 20
576, 20
580, 22
582, 22
586, 23
590, 23
593, 24
594, 24
597, 24
598, 24
599, 24
600, 24
601, 24
601, 24
601, 23
602, 22
602, 22|True
604, 22
611, 25
626, 34
647, 46
679, 64
710, 79
747, 96
792, 117
828, 133
867, 146
908, 165
950, 182
992, 201
1039, 221
1077, 234
1117, 252
1152, 263
1182, 273
1212, 281
1236, 288
1252, 291
1272, 298
1286, 302
1298, 304
1308, 305
1315, 307
1324, 308
1329, 308
1331, 308
1332, 308
1333, 308
1334, 308
1336, 308
1340, 308
1348, 308
1354, 308
1360, 308
1366, 308
1368, 308
1368, 307
1366, 303
1363, 301
1360, 297
1356, 294
1353, 291
1349, 289
1347, 287
1346, 287
1346, 286
1345, 285
1344, 284
1343, 284
1343, 284
1342, 284
1340, 283
1340, 282
1339, 282
1338, 282
1337, 281
1336, 281
1334, 280
1333, 280
1332, 280
1330, 280
1328, 280
1326, 280
1324, 280
1322, 280
1321, 280
1320, 280
1320, 279
1319, 279|True
1319, 278
1318, 279
1314, 280
1306, 281
1295, 281
1279, 281
1252, 281
1216, 281
1176, 281
1130, 281
1089, 281
1050, 285
1005, 292
963, 298
929, 303
908, 307
885, 310
866, 316
849, 321
830, 326
816, 330
804, 333
790, 338
777, 340
763, 344
750, 347
736, 349
724, 351
712, 352
700, 354
688, 355
677, 358
668, 359
656, 361
645, 362
633, 363
621, 366
606, 368
589, 371
574, 372
558, 377
545, 381
533, 384
522, 386
511, 392
502, 395
495, 398
487, 402
479, 406
469, 412
458, 418
447, 428
436, 435
422, 445
412, 453
402, 462
392, 468
385, 474
381, 477
377, 480
375, 482
374, 483
372, 484
372, 485
371, 486
370, 488
369, 489
368, 490
368, 492
366, 493
365, 495
363, 497
362, 498
360, 500
358, 502
358, 503
356, 505
354, 506
353, 508
351, 510
351, 510
350, 511
349, 512
